Step counter;Test time;Standard force;Strain;Nominal strain;LE Channel
0.000000e+000;1.000977e-002;1.342709e+001;1.892090e-007;-2.490995e-005;2.140159e+002
0.000000e+000;4.000977e-002;1.341920e+001;1.892090e-007;-2.490995e-005;2.140159e+002
0.000000e+000;5.000976e-002;1.337187e+001;1.892090e-007;-2.490995e-005;2.140159e+002
1.000000e+000;3.400098e-001;1.437359e+001;9.001892e-004;6.879129e-003;2.140228e+002
1.000000e+000;3.700098e-001;1.538319e+001;3.000189e-003;1.942629e-002;2.140353e+002
1.000000e+000;4.100098e-001;1.651900e+001;6.900189e-003;3.893950e-002;2.140548e+002
1.000000e+000;4.500098e-001;1.774945e+001;1.080019e-002;5.876277e-002;2.140747e+002
1.000000e+000;4.800098e-001;1.878272e+001;1.380019e-002;7.341835e-002;2.140893e+002
1.000000e+000;5.200098e-001;2.021036e+001;1.770019e-002;9.351034e-002;2.141094e+002
1.000000e+000;5.500098e-001;2.125941e+001;2.070019e-002;1.084553e-001;2.141244e+002
1.000000e+000;5.800098e-001;2.265550e+001;2.400019e-002;1.238137e-001;2.141397e+002
1.000000e+000;6.200098e-001;2.381497e+001;2.790019e-002;1.438850e-001;2.141598e+002
1.000000e+000;6.600097e-001;2.517162e+001;3.210019e-002;1.636256e-001;2.141795e+002
1.000000e+000;6.900098e-001;2.624433e+001;3.510019e-002;1.786119e-001;2.141945e+002
1.000000e+000;7.300098e-001;2.756943e+001;3.900019e-002;1.985799e-001;2.142145e+002
1.000000e+000;7.600098e-001;2.861059e+001;4.200019e-002;2.136075e-001;2.142295e+002
1.000000e+000;7.900097e-001;2.966751e+001;4.530019e-002;2.287179e-001;2.142446e+002
1.000000e+000;8.200098e-001;3.072445e+001;4.830019e-002;2.434768e-001;2.142594e+002
1.000000e+000;8.500097e-001;3.203378e+001;5.130019e-002;2.584631e-001;2.142744e+002
1.000000e+000;8.900098e-001;3.324057e+001;5.550019e-002;2.784517e-001;2.142944e+002
1.000000e+000;9.200098e-001;3.429750e+001;5.850019e-002;2.938308e-001;2.143097e+002
1.000000e+000;9.500098e-001;3.529921e+001;6.180019e-002;3.088585e-001;2.143248e+002
1.000000e+000;1.000010e+000;3.646657e+001;6.690019e-002;3.336014e-001;2.143495e+002
1.000000e+000;1.060010e+000;3.760237e+001;7.290019e-002;3.634500e-001;2.143794e+002
1.000000e+000;1.100010e+000;3.862775e+001;7.710019e-002;3.835833e-001;2.143995e+002
1.000000e+000;1.150010e+000;3.976356e+001;8.220019e-002;4.084709e-001;2.144244e+002
1.000000e+000;1.200010e+000;4.095457e+001;8.760019e-002;4.335859e-001;2.144495e+002
1.000000e+000;1.260010e+000;4.196418e+001;9.390019e-002;4.637652e-001;2.144797e+002
1.000000e+000;1.300010e+000;4.298167e+001;9.810019e-002;4.838159e-001;2.144997e+002
1.000000e+000;1.350010e+000;4.405437e+001;1.032002e-001;5.085795e-001;2.145245e+002
1.000000e+000;1.400010e+000;4.523750e+001;1.083002e-001;5.334877e-001;2.145494e+002
1.000000e+000;1.470010e+000;4.648373e+001;1.158002e-001;5.687521e-001;2.145847e+002
1.000000e+000;1.510010e+000;4.769841e+001;1.197002e-001;5.885754e-001;2.146045e+002
1.000000e+000;1.570010e+000;4.877901e+001;1.257002e-001;6.184653e-001;2.146344e+002
1.000000e+000;1.610010e+000;4.988326e+001;1.299002e-001;6.386400e-001;2.146545e+002
1.000000e+000;1.660010e+000;5.093230e+001;1.353002e-001;6.636930e-001;2.146796e+002
1.000000e+000;1.710010e+000;5.193402e+001;1.404002e-001;6.885186e-001;2.147044e+002
1.000000e+000;1.780010e+000;5.318025e+001;1.473002e-001;7.235762e-001;2.147395e+002
1.000000e+000;1.840010e+000;5.421352e+001;1.536002e-001;7.534661e-001;2.147694e+002
1.000000e+000;1.890010e+000;5.531777e+001;1.587002e-001;7.785398e-001;2.147944e+002
1.000000e+000;1.950010e+000;5.634315e+001;1.647002e-001;8.086571e-001;2.148246e+002
1.000000e+000;2.020010e+000;5.736853e+001;1.719002e-001;8.435287e-001;2.148594e+002
1.000000e+000;2.080010e+000;5.848067e+001;1.782002e-001;8.735220e-001;2.148894e+002
1.000000e+000;2.170010e+000;5.953760e+001;1.875002e-001;9.184602e-001;2.149344e+002
1.000000e+000;2.230010e+000;6.057087e+001;1.935002e-001;9.484949e-001;2.149644e+002
1.000000e+000;2.290010e+000;6.158836e+001;1.998002e-001;9.786742e-001;2.149946e+002
1.000000e+000;2.340010e+000;6.261374e+001;2.049002e-001;1.003644e+000;2.150195e+002
1.000000e+000;2.410010e+000;6.363123e+001;2.121002e-001;1.038433e+000;2.150543e+002
1.000000e+000;2.500010e+000;6.468027e+001;2.211002e-001;1.083537e+000;2.150994e+002
1.000000e+000;2.550010e+000;6.571354e+001;2.265002e-001;1.108487e+000;2.151244e+002
1.000000e+000;2.630010e+000;6.671526e+001;2.346002e-001;1.148691e+000;2.151646e+002
1.000000e+000;2.690010e+000;6.780373e+001;2.409002e-001;1.178581e+000;2.151945e+002
1.000000e+000;2.740010e+000;6.891588e+001;2.457002e-001;1.203366e+000;2.152193e+002
1.000000e+000;2.820010e+000;6.993336e+001;2.541002e-001;1.243694e+000;2.152596e+002
1.000000e+000;2.890010e+000;7.106917e+001;2.613002e-001;1.278504e+000;2.152944e+002
1.000000e+000;2.960010e+000;7.222075e+001;2.685002e-001;1.313685e+000;2.153296e+002
1.000000e+000;3.020010e+000;7.323035e+001;2.748002e-001;1.343658e+000;2.153596e+002
1.000000e+000;3.070010e+000;7.432672e+001;2.799002e-001;1.368463e+000;2.153844e+002
1.000000e+000;3.170010e+000;7.554140e+001;2.901002e-001;1.418652e+000;2.154346e+002
1.000000e+000;3.270010e+000;7.667721e+001;3.006002e-001;1.468716e+000;2.154846e+002
1.000000e+000;3.360010e+000;7.777357e+001;3.099002e-001;1.513613e+000;2.155295e+002
1.000000e+000;3.450010e+000;7.883839e+001;3.189002e-001;1.558634e+000;2.155745e+002
1.000000e+000;3.530010e+000;7.990321e+001;3.273002e-001;1.598487e+000;2.156144e+002
1.000000e+000;3.630010e+000;8.099168e+001;3.378002e-001;1.648800e+000;2.156647e+002
1.000000e+000;3.720010e+000;8.217482e+001;3.468002e-001;1.693511e+000;2.157094e+002
1.000000e+000;3.800010e+000;8.323174e+001;3.552002e-001;1.733695e+000;2.157496e+002
1.000000e+000;3.910010e+000;8.441488e+001;3.666002e-001;1.788555e+000;2.158045e+002
1.000000e+000;4.000010e+000;8.551913e+001;3.759002e-001;1.833824e+000;2.158497e+002
1.000000e+000;4.090010e+000;8.662338e+001;3.852002e-001;1.878411e+000;2.158943e+002
1.000000e+000;4.190010e+000;8.771187e+001;3.957002e-001;1.928620e+000;2.159445e+002
1.000000e+000;4.280010e+000;8.874513e+001;4.050002e-001;1.973538e+000;2.159894e+002
1.000000e+000;4.330010e+000;8.980206e+001;4.101002e-001;1.998798e+000;2.160147e+002
1.000000e+000;4.430010e+000;9.095364e+001;4.206002e-001;2.048345e+000;2.160642e+002
1.000000e+000;4.490010e+000;9.199480e+001;4.269002e-001;2.078566e+000;2.160945e+002
1.000000e+000;4.590010e+000;9.308327e+001;4.371002e-001;2.128631e+000;2.161445e+002
1.000000e+000;4.680010e+000;9.426640e+001;4.467002e-001;2.173858e+000;2.161898e+002
1.000000e+000;4.760010e+000;9.540221e+001;4.548002e-001;2.213505e+000;2.162294e+002
1.000000e+000;4.880010e+000;9.644336e+001;4.674002e-001;2.273450e+000;2.162894e+002
1.000000e+000;5.000010e+000;9.750029e+001;4.797002e-001;2.333664e+000;2.163496e+002
1.000000e+000;5.090010e+000;9.864398e+001;4.890002e-001;2.378582e+000;2.163945e+002
1.000000e+000;5.220010e+000;9.967725e+001;5.025002e-001;2.443447e+000;2.164593e+002
1.000000e+000;5.340010e+000;1.008525e+002;5.154002e-001;2.503702e+000;2.165196e+002
1.000000e+000;5.420010e+000;1.019567e+002;5.235002e-001;2.543597e+000;2.165595e+002
1.000000e+000;5.540010e+000;1.029585e+002;5.361002e-001;2.603686e+000;2.166196e+002
1.000000e+000;5.650010e+000;1.040312e+002;5.475002e-001;2.658898e+000;2.166748e+002
1.000000e+000;5.730010e+000;1.051039e+002;5.556002e-001;2.698648e+000;2.167146e+002
1.000000e+000;5.850010e+000;1.061529e+002;5.682002e-001;2.758531e+000;2.167744e+002
1.000000e+000;5.960010e+000;1.072729e+002;5.796002e-001;2.813474e+000;2.168294e+002
1.000000e+000;6.030010e+000;1.083378e+002;5.871002e-001;2.848821e+000;2.168647e+002
1.000000e+000;6.150010e+000;1.093868e+002;5.997002e-001;2.908580e+000;2.169245e+002
1.000000e+000;6.240010e+000;1.105068e+002;6.090002e-001;2.953498e+000;2.169694e+002
1.000000e+000;6.330010e+000;1.116821e+002;6.183002e-001;2.998850e+000;2.170148e+002
1.000000e+000;6.400010e+000;1.127390e+002;6.258002e-001;3.033700e+000;2.170496e+002
1.000000e+000;6.480010e+000;1.138117e+002;6.339002e-001;3.073471e+000;2.170894e+002
1.000000e+000;6.590010e+000;1.148134e+002;6.456002e-001;3.128538e+000;2.171444e+002
1.000000e+000;6.690010e+000;1.158782e+002;6.561002e-001;3.178685e+000;2.171946e+002
1.000000e+000;6.790010e+000;1.169509e+002;6.666002e-001;3.228564e+000;2.172445e+002
1.000000e+000;6.950010e+000;1.179684e+002;6.831002e-001;3.308477e+000;2.173244e+002
1.000000e+000;7.040010e+000;1.190096e+002;6.927002e-001;3.353787e+000;2.173697e+002
1.000000e+000;7.160010e+000;1.200350e+002;7.050002e-001;3.413485e+000;2.174294e+002
1.000000e+000;7.290010e+000;1.210919e+002;7.188002e-001;3.478515e+000;2.174944e+002
1.000000e+000;7.400010e+000;1.221173e+002;7.302002e-001;3.533788e+000;2.175497e+002
1.000000e+000;7.500010e+000;1.231505e+002;7.407002e-001;3.583564e+000;2.175995e+002
1.000000e+000;7.650010e+000;1.242548e+002;7.563002e-001;3.658516e+000;2.176744e+002
1.000000e+000;7.750010e+000;1.254143e+002;7.668002e-001;3.708725e+000;2.177246e+002
1.000000e+000;7.890010e+000;1.264239e+002;7.815002e-001;3.778572e+000;2.177945e+002
1.000000e+000;7.990010e+000;1.274414e+002;7.920002e-001;3.828492e+000;2.178444e+002
1.000000e+000;8.100010e+000;1.285377e+002;8.037002e-001;3.883662e+000;2.178996e+002
1.000000e+000;8.210010e+000;1.296262e+002;8.151002e-001;3.938584e+000;2.179545e+002
1.000000e+000;8.340010e+000;1.306516e+002;8.286002e-001;4.003449e+000;2.180194e+002
1.000000e+000;8.440010e+000;1.318268e+002;8.394002e-001;4.053658e+000;2.180696e+002
1.000000e+000;8.540009e+000;1.328916e+002;8.499002e-001;4.103682e+000;2.181196e+002
1.000000e+000;8.670010e+000;1.339170e+002;8.637002e-001;4.168485e+000;2.181844e+002
1.000000e+000;8.760010e+000;1.349740e+002;8.730002e-001;4.213712e+000;2.182296e+002
1.000000e+000;8.880010e+000;1.360940e+002;8.856002e-001;4.273699e+000;2.182896e+002
1.000000e+000;9.030010e+000;1.371430e+002;9.015002e-001;4.348734e+000;2.183646e+002
1.000000e+000;9.160009e+000;1.382000e+002;9.150002e-001;4.413558e+000;2.184295e+002
1.000000e+000;9.300010e+000;1.392727e+002;9.297002e-001;4.483507e+000;2.184994e+002
1.000000e+000;9.410009e+000;1.403533e+002;9.414002e-001;4.538781e+000;2.185547e+002
1.000000e+000;9.580009e+000;1.413865e+002;9.591002e-001;4.623531e+000;2.186394e+002
1.000000e+000;9.710010e+000;1.424987e+002;9.729002e-001;4.688830e+000;2.187047e+002
1.000000e+000;9.830009e+000;1.435319e+002;9.855002e-001;4.748589e+000;2.187645e+002
1.000000e+000;9.960010e+000;1.445258e+002;9.990002e-001;4.813434e+000;2.188293e+002
1.000000e+000;9.970010e+000;1.447703e+002;1.000200e+000;4.818477e+000;2.188344e+002
1.000000e+000;9.990009e+000;1.446599e+002;1.002300e+000;4.828420e+000;2.188443e+002
2.000000e+000;1.010001e+001;1.434846e+002;1.005900e+000;4.843551e+000;2.188595e+002
2.000000e+000;1.021001e+001;1.423330e+002;1.006200e+000;4.844667e+000;2.188606e+002
2.000000e+000;1.026001e+001;1.412524e+002;1.005900e+000;4.838941e+000;2.188548e+002
2.000000e+000;1.030001e+001;1.402349e+002;1.003200e+000;4.821413e+000;2.188373e+002
2.000000e+000;1.034001e+001;1.389493e+002;9.999002e-001;4.801899e+000;2.188178e+002
2.000000e+000;1.038001e+001;1.377819e+002;9.966002e-001;4.781704e+000;2.187976e+002
2.000000e+000;1.041001e+001;1.366146e+002;9.939002e-001;4.766779e+000;2.187827e+002
2.000000e+000;1.045001e+001;1.354236e+002;9.903002e-001;4.746832e+000;2.187627e+002
2.000000e+000;1.049001e+001;1.342956e+002;9.864002e-001;4.726988e+000;2.187429e+002
2.000000e+000;1.053001e+001;1.331125e+002;9.828002e-001;4.707041e+000;2.187229e+002
2.000000e+000;1.057001e+001;1.317085e+002;9.789002e-001;4.686846e+000;2.187027e+002
2.000000e+000;1.062001e+001;1.305333e+002;9.741002e-001;4.661958e+000;2.186779e+002
2.000000e+000;1.066001e+001;1.292161e+002;9.702002e-001;4.642011e+000;2.186579e+002
2.000000e+000;1.070001e+001;1.280329e+002;9.660002e-001;4.622002e+000;2.186379e+002
2.000000e+000;1.075001e+001;1.267551e+002;9.612002e-001;4.596783e+000;2.186127e+002
2.000000e+000;1.079001e+001;1.257298e+002;9.570002e-001;4.576815e+000;2.185927e+002
2.000000e+000;1.084001e+001;1.245309e+002;9.519002e-001;4.551990e+000;2.185679e+002
2.000000e+000;1.089001e+001;1.233872e+002;9.465002e-001;4.526771e+000;2.185427e+002
2.000000e+000;1.093001e+001;1.223776e+002;9.426002e-001;4.506824e+000;2.185227e+002
2.000000e+000;1.098001e+001;1.212418e+002;9.375002e-001;4.481957e+000;2.184979e+002
2.000000e+000;1.103001e+001;1.201769e+002;9.324002e-001;4.457090e+000;2.184730e+002
2.000000e+000;1.109001e+001;1.190254e+002;9.261002e-001;4.426766e+000;2.184427e+002
2.000000e+000;1.114001e+001;1.179921e+002;9.210002e-001;4.401961e+000;2.184179e+002
2.000000e+000;1.119001e+001;1.169352e+002;9.156002e-001;4.377011e+000;2.183929e+002
2.000000e+000;1.124001e+001;1.159335e+002;9.105002e-001;4.351752e+000;2.183677e+002
2.000000e+000;1.130001e+001;1.149160e+002;9.042002e-001;4.321924e+000;2.183378e+002
2.000000e+000;1.134001e+001;1.136303e+002;9.000002e-001;4.301956e+000;2.183179e+002
2.000000e+000;1.138001e+001;1.125734e+002;8.958002e-001;4.281988e+000;2.182979e+002
2.000000e+000;1.143001e+001;1.113587e+002;8.907002e-001;4.256770e+000;2.182727e+002
2.000000e+000;1.147001e+001;1.100415e+002;8.865002e-001;4.236884e+000;2.182528e+002
2.000000e+000;1.151001e+001;1.089214e+002;8.823002e-001;4.216958e+000;2.182329e+002
2.000000e+000;1.156001e+001;1.078724e+002;8.772002e-001;4.191905e+000;2.182078e+002
2.000000e+000;1.161001e+001;1.068628e+002;8.718002e-001;4.166728e+000;2.181826e+002
2.000000e+000;1.166001e+001;1.057901e+002;8.667002e-001;4.141943e+000;2.181578e+002
2.000000e+000;1.172001e+001;1.046385e+002;8.604002e-001;4.111971e+000;2.181279e+002
2.000000e+000;1.177001e+001;1.034948e+002;8.550002e-001;4.086732e+000;2.181026e+002
2.000000e+000;1.183001e+001;1.024142e+002;8.487002e-001;4.056945e+000;2.180728e+002
2.000000e+000;1.189001e+001;1.012705e+002;8.424002e-001;4.026993e+000;2.180429e+002
2.000000e+000;1.196001e+001;1.000874e+002;8.352002e-001;3.991729e+000;2.180076e+002
2.000000e+000;1.203001e+001;9.906203e+001;8.280002e-001;3.956899e+000;2.179728e+002
2.000000e+000;1.209001e+001;9.798932e+001;8.214002e-001;3.926761e+000;2.179427e+002
2.000000e+000;1.214001e+001;9.694028e+001;8.163002e-001;3.901770e+000;2.179177e+002
2.000000e+000;1.221001e+001;9.584391e+001;8.088002e-001;3.867022e+000;2.178829e+002
2.000000e+000;1.227001e+001;9.484219e+001;8.028002e-001;3.836946e+000;2.178528e+002
2.000000e+000;1.233001e+001;9.367484e+001;7.965002e-001;3.806911e+000;2.178228e+002
2.000000e+000;1.240001e+001;9.260213e+001;7.890002e-001;3.771874e+000;2.177878e+002
2.000000e+000;1.244001e+001;9.140323e+001;7.848002e-001;3.751720e+000;2.177676e+002
2.000000e+000;1.249001e+001;9.038573e+001;7.800002e-001;3.726936e+000;2.177428e+002
2.000000e+000;1.254001e+001;8.928149e+001;7.749002e-001;3.702028e+000;2.177179e+002
2.000000e+000;1.261001e+001;8.827188e+001;7.674002e-001;3.666950e+000;2.176829e+002
2.000000e+000;1.269001e+001;8.712819e+001;7.593002e-001;3.627076e+000;2.176430e+002
2.000000e+000;1.273001e+001;8.609492e+001;7.551002e-001;3.607087e+000;2.176230e+002
2.000000e+000;1.277001e+001;8.506954e+001;7.506002e-001;3.586768e+000;2.176027e+002
2.000000e+000;1.285001e+001;8.382331e+001;7.422002e-001;3.546894e+000;2.175628e+002
2.000000e+000;1.295001e+001;8.258497e+001;7.320002e-001;3.496933e+000;2.175128e+002
2.000000e+000;1.302001e+001;8.147282e+001;7.245002e-001;3.461999e+000;2.174779e+002
2.000000e+000;1.309001e+001;8.027392e+001;7.173002e-001;3.426735e+000;2.174426e+002
2.000000e+000;1.316001e+001;7.924065e+001;7.101002e-001;3.391822e+000;2.174077e+002
2.000000e+000;1.324001e+001;7.813640e+001;7.017002e-001;3.352051e+000;2.173680e+002
2.000000e+000;1.333001e+001;7.702426e+001;6.924002e-001;3.306968e+000;2.173229e+002
2.000000e+000;1.339001e+001;7.599888e+001;6.861002e-001;3.276954e+000;2.172929e+002
2.000000e+000;1.346001e+001;7.468955e+001;6.789002e-001;3.241752e+000;2.172577e+002
2.000000e+000;1.353001e+001;7.364839e+001;6.717002e-001;3.206922e+000;2.172228e+002
2.000000e+000;1.358001e+001;7.251259e+001;6.663002e-001;3.182075e+000;2.171980e+002
2.000000e+000;1.364001e+001;7.143200e+001;6.600002e-001;3.151751e+000;2.171677e+002
2.000000e+000;1.370001e+001;7.032774e+001;6.537002e-001;3.122027e+000;2.171379e+002
2.000000e+000;1.377001e+001;6.923138e+001;6.465002e-001;3.086721e+000;2.171026e+002
2.000000e+000;1.383001e+001;6.813501e+001;6.402002e-001;3.056686e+000;2.170726e+002
2.000000e+000;1.390001e+001;6.681779e+001;6.330002e-001;3.022022e+000;2.170379e+002
2.000000e+000;1.398001e+001;6.580030e+001;6.246002e-001;2.981796e+000;2.169977e+002
2.000000e+000;1.405001e+001;6.468027e+001;6.174002e-001;2.946966e+000;2.169629e+002
2.000000e+000;1.412001e+001;6.356813e+001;6.102002e-001;2.911764e+000;2.169277e+002
2.000000e+000;1.418001e+001;6.245599e+001;6.039002e-001;2.881874e+000;2.168978e+002
2.000000e+000;1.427001e+001;6.124920e+001;5.946002e-001;2.836894e+000;2.168528e+002
2.000000e+000;1.434001e+001;6.016071e+001;5.871002e-001;2.801878e+000;2.168178e+002
2.000000e+000;1.442001e+001;5.915111e+001;5.790002e-001;2.762149e+000;2.167781e+002
2.000000e+000;1.448001e+001;5.810995e+001;5.727002e-001;2.731721e+000;2.167476e+002
2.000000e+000;1.456001e+001;5.709246e+001;5.643002e-001;2.691971e+000;2.167079e+002
2.000000e+000;1.466001e+001;5.603553e+001;5.538002e-001;2.641700e+000;2.166576e+002
2.000000e+000;1.473001e+001;5.487607e+001;5.466002e-001;2.606952e+000;2.166229e+002
2.000000e+000;1.482001e+001;5.377181e+001;5.373002e-001;2.561766e+000;2.165777e+002
2.000000e+000;1.487001e+001;5.273855e+001;5.319002e-001;2.537003e+000;2.165529e+002
2.000000e+000;1.493001e+001;5.153964e+001;5.259002e-001;2.507051e+000;2.165230e+002
2.000000e+000;1.502001e+001;5.052215e+001;5.163002e-001;2.461905e+000;2.164778e+002
2.000000e+000;1.510001e+001;4.942579e+001;5.082002e-001;2.422073e+000;2.164380e+002
2.000000e+000;1.514001e+001;4.833730e+001;5.040002e-001;2.401774e+000;2.164177e+002
2.000000e+000;1.524001e+001;4.721727e+001;4.935002e-001;2.352020e+000;2.163679e+002
2.000000e+000;1.529001e+001;4.616034e+001;4.884002e-001;2.326760e+000;2.163427e+002
2.000000e+000;1.538001e+001;4.510342e+001;4.791002e-001;2.281966e+000;2.162979e+002
2.000000e+000;1.545001e+001;4.407015e+001;4.716002e-001;2.246847e+000;2.162627e+002
2.000000e+000;1.551001e+001;4.290279e+001;4.653002e-001;2.216709e+000;2.162326e+002
2.000000e+000;1.561001e+001;4.171178e+001;4.551002e-001;2.167058e+000;2.161830e+002
2.000000e+000;1.570001e+001;4.056020e+001;4.458002e-001;2.121954e+000;2.161379e+002
2.000000e+000;1.578001e+001;3.934552e+001;4.371002e-001;2.082080e+000;2.160980e+002
2.000000e+000;1.586001e+001;3.825704e+001;4.287002e-001;2.041689e+000;2.160576e+002
2.000000e+000;1.594001e+001;3.716067e+001;4.206002e-001;2.002043e+000;2.160179e+002
2.000000e+000;1.604001e+001;3.606430e+001;4.101002e-001;1.951937e+000;2.159678e+002
2.000000e+000;1.615001e+001;3.494427e+001;3.987002e-001;1.896767e+000;2.159127e+002
2.000000e+000;1.620001e+001;3.387157e+001;3.933002e-001;1.871734e+000;2.158876e+002
2.000000e+000;1.627001e+001;3.276731e+001;3.861002e-001;1.836987e+000;2.158529e+002
2.000000e+000;1.632001e+001;3.166306e+001;3.810002e-001;1.811768e+000;2.158277e+002
2.000000e+000;1.640001e+001;3.060613e+001;3.726002e-001;1.771956e+000;2.157879e+002
2.000000e+000;1.647001e+001;2.948610e+001;3.651002e-001;1.736775e+000;2.157527e+002
2.000000e+000;1.653001e+001;2.820832e+001;3.591002e-001;1.706678e+000;2.157226e+002
2.000000e+000;1.661001e+001;2.702519e+001;3.507002e-001;1.667011e+000;2.156829e+002
2.000000e+000;1.671001e+001;2.595249e+001;3.402002e-001;1.616884e+000;2.156328e+002
2.000000e+000;1.678001e+001;2.487978e+001;3.330002e-001;1.581971e+000;2.155979e+002
2.000000e+000;1.685001e+001;2.372820e+001;3.258002e-001;1.546769e+000;2.155627e+002
2.000000e+000;1.692001e+001;2.253719e+001;3.183002e-001;1.511939e+000;2.155278e+002
2.000000e+000;1.699001e+001;2.140927e+001;3.111002e-001;1.476716e+000;2.154926e+002
2.000000e+000;1.708001e+001;2.033657e+001;3.018002e-001;1.431943e+000;2.154478e+002
2.000000e+000;1.711001e+001;1.984754e+001;2.988002e-001;1.416936e+000;2.154328e+002
2.000000e+000;1.714001e+001;1.972923e+001;2.955002e-001;1.401950e+000;2.154179e+002
2.000000e+000;1.715001e+001;1.977655e+001;2.946002e-001;1.397030e+000;2.154129e+002
2.000000e+000;1.716001e+001;1.978444e+001;2.934002e-001;1.392979e+000;2.154089e+002
3.000000e+000;1.734001e+001;2.145659e+001;2.916002e-001;1.385599e+000;2.154015e+002
3.000000e+000;1.740001e+001;2.255296e+001;2.916002e-001;1.386757e+000;2.154027e+002
3.000000e+000;1.743001e+001;2.358623e+001;2.925002e-001;1.395252e+000;2.154112e+002
3.000000e+000;1.747001e+001;2.487978e+001;2.958002e-001;1.413732e+000;2.154296e+002
3.000000e+000;1.750001e+001;2.592094e+001;2.982002e-001;1.428202e+000;2.154441e+002
3.000000e+000;1.754001e+001;2.725393e+001;3.018002e-001;1.448231e+000;2.154641e+002
3.000000e+000;1.756001e+001;2.826353e+001;3.036002e-001;1.458174e+000;2.154741e+002
3.000000e+000;1.759001e+001;2.949399e+001;3.063002e-001;1.473553e+000;2.154895e+002
3.000000e+000;1.762001e+001;3.062979e+001;3.090002e-001;1.488395e+000;2.155043e+002
3.000000e+000;1.764001e+001;3.165517e+001;3.111002e-001;1.498523e+000;2.155144e+002
3.000000e+000;1.767001e+001;3.290140e+001;3.138002e-001;1.513303e+000;2.155292e+002
3.000000e+000;1.770001e+001;3.391890e+001;3.165002e-001;1.528289e+000;2.155442e+002
3.000000e+000;1.774001e+001;3.514146e+001;3.207002e-001;1.548154e+000;2.155641e+002
3.000000e+000;1.779001e+001;3.617473e+001;3.255002e-001;1.573207e+000;2.155891e+002
3.000000e+000;1.783001e+001;3.733420e+001;3.294002e-001;1.593196e+000;2.156091e+002
3.000000e+000;1.787001e+001;3.840690e+001;3.336002e-001;1.613184e+000;2.156291e+002
3.000000e+000;1.792001e+001;3.961369e+001;3.387002e-001;1.638361e+000;2.156543e+002
3.000000e+000;1.796001e+001;4.082837e+001;3.429002e-001;1.658412e+000;2.156743e+002
3.000000e+000;1.800001e+001;4.186164e+001;3.468002e-001;1.678401e+000;2.156943e+002
3.000000e+000;1.804001e+001;4.312365e+001;3.510002e-001;1.698265e+000;2.157142e+002
3.000000e+000;1.809001e+001;4.420424e+001;3.561002e-001;1.723277e+000;2.157392e+002
3.000000e+000;1.813001e+001;4.534004e+001;3.603002e-001;1.743203e+000;2.157591e+002
3.000000e+000;1.818001e+001;4.649951e+001;3.651002e-001;1.768153e+000;2.157841e+002
3.000000e+000;1.824001e+001;4.778518e+001;3.714002e-001;1.798167e+000;2.158141e+002
3.000000e+000;1.827001e+001;4.888943e+001;3.747002e-001;1.813567e+000;2.158295e+002
3.000000e+000;1.831001e+001;4.996214e+001;3.789002e-001;1.833555e+000;2.158495e+002
3.000000e+000;1.836001e+001;5.104273e+001;3.840002e-001;1.858257e+000;2.158742e+002
3.000000e+000;1.840001e+001;5.227318e+001;3.879002e-001;1.878122e+000;2.158940e+002
3.000000e+000;1.844001e+001;5.328279e+001;3.924002e-001;1.898338e+000;2.159142e+002
3.000000e+000;1.850001e+001;5.452902e+001;3.987002e-001;1.928331e+000;2.159442e+002
3.000000e+000;1.854001e+001;5.565693e+001;4.029002e-001;1.948216e+000;2.159641e+002
3.000000e+000;1.861001e+001;5.666654e+001;4.101002e-001;1.983584e+000;2.159995e+002
3.000000e+000;1.865001e+001;5.770769e+001;4.143002e-001;2.003572e+000;2.160195e+002
3.000000e+000;1.871001e+001;5.884350e+001;4.206002e-001;2.033235e+000;2.160491e+002
3.000000e+000;1.877001e+001;5.991620e+001;4.269002e-001;2.063311e+000;2.160792e+002
3.000000e+000;1.883001e+001;6.098891e+001;4.332002e-001;2.093428e+000;2.161093e+002
3.000000e+000;1.889001e+001;6.199851e+001;4.395002e-001;2.123174e+000;2.161391e+002
3.000000e+000;1.894001e+001;6.322897e+001;4.449002e-001;2.148537e+000;2.161644e+002
3.000000e+000;1.898001e+001;6.433322e+001;4.488002e-001;2.168505e+000;2.161844e+002
3.000000e+000;1.905001e+001;6.535860e+001;4.563002e-001;2.203273e+000;2.162192e+002
3.000000e+000;1.908001e+001;6.637609e+001;4.593002e-001;2.218052e+000;2.162340e+002
3.000000e+000;1.917001e+001;6.761443e+001;4.689002e-001;2.263425e+000;2.162793e+002
3.000000e+000;1.921001e+001;6.867925e+001;4.728002e-001;2.283248e+000;2.162992e+002
3.000000e+000;1.927001e+001;6.968097e+001;4.791002e-001;2.313262e+000;2.163292e+002
3.000000e+000;1.931001e+001;7.071423e+001;4.833002e-001;2.333354e+000;2.163493e+002
3.000000e+000;1.936001e+001;7.186581e+001;4.887002e-001;2.358366e+000;2.163743e+002
3.000000e+000;1.941001e+001;7.289908e+001;4.938002e-001;2.383191e+000;2.163991e+002
3.000000e+000;1.948001e+001;7.412164e+001;5.010002e-001;2.418228e+000;2.164341e+002
3.000000e+000;1.953001e+001;7.522590e+001;5.061002e-001;2.443136e+000;2.164590e+002
3.000000e+000;1.959001e+001;7.629072e+001;5.124002e-001;2.473171e+000;2.164891e+002
3.000000e+000;1.965001e+001;7.739497e+001;5.187002e-001;2.503392e+000;2.165193e+002
3.000000e+000;1.974001e+001;7.858599e+001;5.280002e-001;2.548289e+000;2.165642e+002
3.000000e+000;1.980001e+001;7.958771e+001;5.343002e-001;2.578344e+000;2.165942e+002
3.000000e+000;1.989001e+001;8.083394e+001;5.436002e-001;2.623241e+000;2.166391e+002
3.000000e+000;1.997001e+001;8.194608e+001;5.523002e-001;2.663570e+000;2.166795e+002
3.000000e+000;2.004001e+001;8.320808e+001;5.595002e-001;2.698359e+000;2.167143e+002
3.000000e+000;2.011001e+001;8.424135e+001;5.667002e-001;2.733147e+000;2.167491e+002
3.000000e+000;2.019001e+001;8.529828e+001;5.751002e-001;2.773393e+000;2.167893e+002
3.000000e+000;2.025001e+001;8.646564e+001;5.811002e-001;2.803180e+000;2.168191e+002
3.000000e+000;2.031001e+001;8.752256e+001;5.877002e-001;2.833545e+000;2.168494e+002
3.000000e+000;2.039001e+001;8.867414e+001;5.961002e-001;2.873275e+000;2.168892e+002
3.000000e+000;2.046001e+001;8.980206e+001;6.033002e-001;2.908291e+000;2.169242e+002
3.000000e+000;2.052001e+001;9.081167e+001;6.096002e-001;2.938388e+000;2.169543e+002
3.000000e+000;2.058001e+001;9.188437e+001;6.156002e-001;2.968174e+000;2.169841e+002
3.000000e+000;2.066001e+001;9.288609e+001;6.243002e-001;3.008358e+000;2.170243e+002
3.000000e+000;2.071001e+001;9.396667e+001;6.294002e-001;3.033370e+000;2.170493e+002
3.000000e+000;2.079001e+001;9.516558e+001;6.378002e-001;3.073161e+000;2.170891e+002
3.000000e+000;2.089001e+001;9.630927e+001;6.483002e-001;3.123143e+000;2.171390e+002
3.000000e+000;2.097001e+001;9.735043e+001;6.567002e-001;3.163472e+000;2.171794e+002
3.000000e+000;2.104001e+001;9.854933e+001;6.639002e-001;3.198447e+000;2.172143e+002
3.000000e+000;2.113001e+001;9.958260e+001;6.732002e-001;3.243178e+000;2.172591e+002
3.000000e+000;2.119001e+001;1.006159e+002;6.795002e-001;3.273316e+000;2.172892e+002
3.000000e+000;2.131001e+001;1.018148e+002;6.921002e-001;3.333468e+000;2.173494e+002
3.000000e+000;2.136001e+001;1.028165e+002;6.975002e-001;3.358604e+000;2.173745e+002
3.000000e+000;2.144001e+001;1.039760e+002;7.059002e-001;3.398250e+000;2.174142e+002
3.000000e+000;2.152001e+001;1.049777e+002;7.140002e-001;3.438248e+000;2.174542e+002
3.000000e+000;2.158001e+001;1.059873e+002;7.203002e-001;3.468179e+000;2.174841e+002
3.000000e+000;2.168001e+001;1.071310e+002;7.308002e-001;3.518368e+000;2.175343e+002
3.000000e+000;2.174001e+001;1.082352e+002;7.371002e-001;3.548300e+000;2.175642e+002
3.000000e+000;2.183001e+001;1.094499e+002;7.467002e-001;3.593362e+000;2.176093e+002
3.000000e+000;2.190001e+001;1.107513e+002;7.539002e-001;3.628109e+000;2.176440e+002
3.000000e+000;2.196001e+001;1.118872e+002;7.599002e-001;3.658206e+000;2.176741e+002
3.000000e+000;2.201001e+001;1.129283e+002;7.653002e-001;3.683383e+000;2.176993e+002
3.000000e+000;2.208001e+001;1.141272e+002;7.725002e-001;3.718296e+000;2.177342e+002
3.000000e+000;2.217001e+001;1.151920e+002;7.821002e-001;3.763379e+000;2.177793e+002
3.000000e+000;2.226001e+001;1.162016e+002;7.914002e-001;3.808234e+000;2.178241e+002
3.000000e+000;2.235001e+001;1.173611e+002;8.010002e-001;3.853379e+000;2.178693e+002
3.000000e+000;2.243001e+001;1.184023e+002;8.091002e-001;3.893212e+000;2.179091e+002
3.000000e+000;2.255001e+001;1.195459e+002;8.217002e-001;3.953364e+000;2.179693e+002
3.000000e+000;2.264001e+001;1.206975e+002;8.313002e-001;3.998158e+000;2.180141e+002
3.000000e+000;2.273001e+001;1.217860e+002;8.406002e-001;4.043447e+000;2.180593e+002
3.000000e+000;2.282001e+001;1.229376e+002;8.499002e-001;4.088158e+000;2.181041e+002
3.000000e+000;2.292001e+001;1.239866e+002;8.607002e-001;4.138140e+000;2.181540e+002
3.000000e+000;2.301001e+001;1.251224e+002;8.700002e-001;4.183595e+000;2.181995e+002
3.000000e+000;2.308001e+001;1.261478e+002;8.775002e-001;4.218405e+000;2.182343e+002
3.000000e+000;2.317001e+001;1.272442e+002;8.871002e-001;4.263301e+000;2.182792e+002
3.000000e+000;2.326001e+001;1.282932e+002;8.964002e-001;4.308178e+000;2.183241e+002
3.000000e+000;2.335001e+001;1.294290e+002;9.057002e-001;4.353571e+000;2.183695e+002
3.000000e+000;2.345001e+001;1.304938e+002;9.162002e-001;4.403222e+000;2.184191e+002
3.000000e+000;2.352001e+001;1.315034e+002;9.234002e-001;4.438383e+000;2.184543e+002
3.000000e+000;2.361001e+001;1.327497e+002;9.327002e-001;4.483218e+000;2.184991e+002
3.000000e+000;2.369001e+001;1.338934e+002;9.411002e-001;4.523588e+000;2.185395e+002
3.000000e+000;2.377001e+001;1.349897e+002;9.498002e-001;4.563296e+000;2.185792e+002
3.000000e+000;2.387001e+001;1.360940e+002;9.600002e-001;4.613361e+000;2.186293e+002
3.000000e+000;2.399001e+001;1.371273e+002;9.726002e-001;4.673244e+000;2.186891e+002
3.000000e+000;2.410001e+001;1.382000e+002;9.840002e-001;4.728373e+000;2.187443e+002
3.000000e+000;2.420001e+001;1.393673e+002;9.945002e-001;4.778376e+000;2.187943e+002
3.000000e+000;2.424001e+001;1.395961e+002;9.987002e-001;4.798365e+000;2.188143e+002
3.000000e+000;2.427001e+001;1.396828e+002;1.001700e+000;4.813103e+000;2.188290e+002
4.000000e+000;2.447001e+001;1.382552e+002;1.006200e+000;4.830735e+000;2.188466e+002
4.000000e+000;2.455001e+001;1.371351e+002;1.006200e+000;4.827696e+000;2.188436e+002
4.000000e+000;2.460001e+001;1.361176e+002;1.002900e+000;4.807356e+000;2.188233e+002
4.000000e+000;2.464001e+001;1.348320e+002;9.996002e-001;4.787843e+000;2.188037e+002
4.000000e+000;2.467001e+001;1.336962e+002;9.972002e-001;4.772815e+000;2.187887e+002
4.000000e+000;2.470001e+001;1.324026e+002;9.945002e-001;4.757788e+000;2.187737e+002
4.000000e+000;2.474001e+001;1.312510e+002;9.909002e-001;4.738068e+000;2.187540e+002
4.000000e+000;2.477001e+001;1.300364e+002;9.879002e-001;4.723061e+000;2.187390e+002
4.000000e+000;2.480001e+001;1.290110e+002;9.852002e-001;4.708116e+000;2.187240e+002
4.000000e+000;2.485001e+001;1.278673e+002;9.804002e-001;4.682960e+000;2.186989e+002
4.000000e+000;2.489001e+001;1.268261e+002;9.765002e-001;4.662992e+000;2.186789e+002
4.000000e+000;2.492001e+001;1.258244e+002;9.735002e-001;4.648005e+000;2.186639e+002
4.000000e+000;2.497001e+001;1.247754e+002;9.687002e-001;4.623117e+000;2.186390e+002
4.000000e+000;2.501001e+001;1.235370e+002;9.645002e-001;4.602839e+000;2.186187e+002
4.000000e+000;2.505001e+001;1.224722e+002;9.603002e-001;4.582727e+000;2.185986e+002
4.000000e+000;2.509001e+001;1.213522e+002;9.564002e-001;4.562966e+000;2.185789e+002
4.000000e+000;2.514001e+001;1.203110e+002;9.513002e-001;4.538119e+000;2.185540e+002
4.000000e+000;2.520001e+001;1.191358e+002;9.450002e-001;4.507878e+000;2.185238e+002
4.000000e+000;2.527001e+001;1.180000e+002;9.381002e-001;4.473027e+000;2.184889e+002
4.000000e+000;2.534001e+001;1.168878e+002;9.306002e-001;4.437742e+000;2.184536e+002
4.000000e+000;2.538001e+001;1.156732e+002;9.264002e-001;4.417733e+000;2.184336e+002
4.000000e+000;2.542001e+001;1.145610e+002;9.225002e-001;4.398034e+000;2.184139e+002
4.000000e+000;2.546001e+001;1.132359e+002;9.180002e-001;4.378024e+000;2.183939e+002
4.000000e+000;2.550001e+001;1.121711e+002;9.138002e-001;4.357767e+000;2.183737e+002
4.000000e+000;2.553001e+001;1.111457e+002;9.108002e-001;4.342946e+000;2.183588e+002
4.000000e+000;2.558001e+001;1.099863e+002;9.054002e-001;4.317955e+000;2.183339e+002
4.000000e+000;2.564001e+001;1.088741e+002;8.994002e-001;4.288127e+000;2.183040e+002
4.000000e+000;2.567001e+001;1.077383e+002;8.961002e-001;4.272748e+000;2.182887e+002
4.000000e+000;2.572001e+001;1.066025e+002;8.910002e-001;4.247736e+000;2.182636e+002
4.000000e+000;2.577001e+001;1.055929e+002;8.856002e-001;4.222952e+000;2.182389e+002
4.000000e+000;2.582001e+001;1.043546e+002;8.802002e-001;4.198064e+000;2.182140e+002
4.000000e+000;2.589001e+001;1.033292e+002;8.730002e-001;4.162697e+000;2.181786e+002
4.000000e+000;2.595001e+001;1.021145e+002;8.667002e-001;4.133034e+000;2.181489e+002
4.000000e+000;2.599001e+001;1.010733e+002;8.625002e-001;4.113046e+000;2.181289e+002
4.000000e+000;2.606001e+001;1.000243e+002;8.553002e-001;4.077719e+000;2.180936e+002
4.000000e+000;2.612001e+001;9.895949e+001;8.487002e-001;4.048016e+000;2.180639e+002
4.000000e+000;2.617001e+001;9.787101e+001;8.436002e-001;4.022942e+000;2.180388e+002
4.000000e+000;2.626001e+001;9.669576e+001;8.340002e-001;3.978004e+000;2.179939e+002
4.000000e+000;2.631001e+001;9.563094e+001;8.289002e-001;3.953012e+000;2.179689e+002
4.000000e+000;2.638001e+001;9.440049e+001;8.214002e-001;3.917831e+000;2.179337e+002
4.000000e+000;2.644001e+001;9.320158e+001;8.154002e-001;3.887941e+000;2.179038e+002
4.000000e+000;2.649001e+001;9.212888e+001;8.100002e-001;3.863095e+000;2.178790e+002
4.000000e+000;2.655001e+001;9.109562e+001;8.040002e-001;3.832915e+000;2.178488e+002
4.000000e+000;2.659001e+001;8.999136e+001;7.998002e-001;3.812947e+000;2.178289e+002
4.000000e+000;2.665001e+001;8.888711e+001;7.932002e-001;3.783057e+000;2.177990e+002
4.000000e+000;2.671001e+001;8.779074e+001;7.869002e-001;3.752775e+000;2.177687e+002
4.000000e+000;2.677001e+001;8.669437e+001;7.809002e-001;3.723029e+000;2.177389e+002
4.000000e+000;2.682001e+001;8.552702e+001;7.755002e-001;3.698059e+000;2.177140e+002
4.000000e+000;2.689001e+001;8.447797e+001;7.683002e-001;3.662919e+000;2.176788e+002
4.000000e+000;2.694001e+001;8.347626e+001;7.632002e-001;3.637949e+000;2.176539e+002
4.000000e+000;2.702001e+001;8.220637e+001;7.548002e-001;3.597764e+000;2.176137e+002
4.000000e+000;2.709001e+001;8.108633e+001;7.473002e-001;3.562810e+000;2.175787e+002
4.000000e+000;2.716001e+001;8.006885e+001;7.401002e-001;3.528042e+000;2.175439e+002
4.000000e+000;2.724001e+001;7.900403e+001;7.317002e-001;3.487775e+000;2.175037e+002
4.000000e+000;2.732001e+001;7.793133e+001;7.236002e-001;3.447984e+000;2.174639e+002
4.000000e+000;2.739001e+001;7.686651e+001;7.161002e-001;3.412802e+000;2.174287e+002
4.000000e+000;2.747001e+001;7.584113e+001;7.080002e-001;3.373032e+000;2.173889e+002
4.000000e+000;2.753001e+001;7.469743e+001;7.017002e-001;3.342832e+000;2.173587e+002
4.000000e+000;2.761001e+001;7.361684e+001;6.933002e-001;3.302937e+000;2.173188e+002
4.000000e+000;2.766001e+001;7.242583e+001;6.882002e-001;3.277946e+000;2.172938e+002
4.000000e+000;2.772001e+001;7.118748e+001;6.819002e-001;3.247808e+000;2.172637e+002
4.000000e+000;2.777001e+001;7.012267e+001;6.765002e-001;3.222838e+000;2.172387e+002
4.000000e+000;2.784001e+001;6.897108e+001;6.693002e-001;3.188070e+000;2.172040e+002
4.000000e+000;2.791001e+001;6.772486e+001;6.618002e-001;3.152847e+000;2.171687e+002
4.000000e+000;2.799001e+001;6.661272e+001;6.534002e-001;3.112952e+000;2.171289e+002
4.000000e+000;2.805001e+001;6.555579e+001;6.474002e-001;3.082773e+000;2.170987e+002
4.000000e+000;2.811001e+001;6.435688e+001;6.411002e-001;3.052842e+000;2.170687e+002
4.000000e+000;2.818001e+001;6.334728e+001;6.336002e-001;3.018094e+000;2.170340e+002
4.000000e+000;2.826001e+001;6.224302e+001;6.255002e-001;2.977765e+000;2.169937e+002
4.000000e+000;2.831001e+001;6.117032e+001;6.201002e-001;2.953064e+000;2.169690e+002
4.000000e+000;2.840001e+001;6.009761e+001;6.108002e-001;2.907815e+000;2.169237e+002
4.000000e+000;2.846001e+001;5.908801e+001;6.045002e-001;2.877988e+000;2.168939e+002
4.000000e+000;2.855001e+001;5.803897e+001;5.952002e-001;2.832781e+000;2.168487e+002
4.000000e+000;2.863001e+001;5.696626e+001;5.868002e-001;2.792948e+000;2.168089e+002
4.000000e+000;2.869001e+001;5.596455e+001;5.805002e-001;2.763182e+000;2.167791e+002
4.000000e+000;2.877001e+001;5.496283e+001;5.724002e-001;2.722688e+000;2.167386e+002
4.000000e+000;2.884001e+001;5.393745e+001;5.649002e-001;2.688065e+000;2.167040e+002
4.000000e+000;2.890001e+001;5.284897e+001;5.589002e-001;2.657782e+000;2.166737e+002
4.000000e+000;2.896001e+001;5.162640e+001;5.526002e-001;2.628016e+000;2.166439e+002
4.000000e+000;2.903001e+001;5.058525e+001;5.451002e-001;2.593144e+000;2.166090e+002
4.000000e+000;2.908001e+001;4.948888e+001;5.400002e-001;2.567802e+000;2.165837e+002
4.000000e+000;2.913001e+001;4.848717e+001;5.349002e-001;2.542914e+000;2.165588e+002
4.000000e+000;2.922001e+001;4.738291e+001;5.256002e-001;2.497914e+000;2.165138e+002
4.000000e+000;2.929001e+001;4.628654e+001;5.181002e-001;2.462877e+000;2.164788e+002
4.000000e+000;2.938001e+001;4.515863e+001;5.085002e-001;2.417980e+000;2.164339e+002
4.000000e+000;2.944001e+001;4.405437e+001;5.025002e-001;2.387739e+000;2.164036e+002
4.000000e+000;2.952001e+001;4.283969e+001;4.941002e-001;2.348051e+000;2.163640e+002
4.000000e+000;2.961001e+001;4.169600e+001;4.845002e-001;2.302741e+000;2.163186e+002
4.000000e+000;2.970001e+001;4.065485e+001;4.755002e-001;2.258071e+000;2.162740e+002
4.000000e+000;2.977001e+001;3.952693e+001;4.680002e-001;2.222786e+000;2.162387e+002
4.000000e+000;2.984001e+001;3.839901e+001;4.608002e-001;2.187956e+000;2.162039e+002
4.000000e+000;2.993001e+001;3.737363e+001;4.515002e-001;2.142976e+000;2.161589e+002
4.000000e+000;3.003001e+001;3.628516e+001;4.410002e-001;2.092953e+000;2.161089e+002
4.000000e+000;3.010001e+001;3.511780e+001;4.335002e-001;2.057813e+000;2.160737e+002
4.000000e+000;3.018001e+001;3.383213e+001;4.251002e-001;2.017980e+000;2.160339e+002
4.000000e+000;3.025001e+001;3.275154e+001;4.179002e-001;1.982716e+000;2.159986e+002
4.000000e+000;3.033001e+001;3.157630e+001;4.098002e-001;1.943007e+000;2.159589e+002
4.000000e+000;3.038001e+001;3.051148e+001;4.044002e-001;1.918078e+000;2.159340e+002
4.000000e+000;3.044001e+001;2.944666e+001;3.981002e-001;1.887878e+000;2.159038e+002
4.000000e+000;3.048001e+001;2.843706e+001;3.939002e-001;1.867890e+000;2.158838e+002
4.000000e+000;3.055001e+001;2.738013e+001;3.864002e-001;1.833080e+000;2.158490e+002
4.000000e+000;3.065001e+001;2.626799e+001;3.762002e-001;1.782953e+000;2.157989e+002
4.000000e+000;3.072001e+001;2.524261e+001;3.690002e-001;1.748185e+000;2.157641e+002
4.000000e+000;3.078001e+001;2.408314e+001;3.624002e-001;1.717799e+000;2.157337e+002
4.000000e+000;3.084001e+001;2.308143e+001;3.564002e-001;1.688033e+000;2.157039e+002
4.000000e+000;3.092001e+001;2.204027e+001;3.480002e-001;1.647766e+000;2.156637e+002
4.000000e+000;3.100001e+001;2.088080e+001;3.396002e-001;1.607975e+000;2.156239e+002
4.000000e+000;3.107001e+001;1.976866e+001;3.324002e-001;1.573021e+000;2.155889e+002
4.000000e+000;3.110001e+001;1.953204e+001;3.291002e-001;1.557828e+000;2.155737e+002
4.000000e+000;3.111001e+001;1.957147e+001;3.279002e-001;1.552950e+000;2.155689e+002
4.000000e+000;3.112001e+001;1.964246e+001;3.270002e-001;1.548692e+000;2.155646e+002
5.000000e+000;3.124001e+001;2.086503e+001;3.252002e-001;1.540588e+000;2.155565e+002
5.000000e+000;3.135001e+001;2.210337e+001;3.249002e-001;1.540795e+000;2.155567e+002
5.000000e+000;3.139001e+001;2.326284e+001;3.261002e-001;1.550076e+000;2.155660e+002
5.000000e+000;3.143001e+001;2.446963e+001;3.291002e-001;1.568535e+000;2.155844e+002
5.000000e+000;3.146001e+001;2.577896e+001;3.318002e-001;1.583398e+000;2.155993e+002
5.000000e+000;3.149001e+001;2.691477e+001;3.342002e-001;1.598053e+000;2.156140e+002
5.000000e+000;3.153001e+001;2.831875e+001;3.378002e-001;1.618104e+000;2.156340e+002
5.000000e+000;3.156001e+001;2.941511e+001;3.405002e-001;1.633008e+000;2.156489e+002
5.000000e+000;3.159001e+001;3.066134e+001;3.435002e-001;1.648387e+000;2.156643e+002
5.000000e+000;3.162001e+001;3.205744e+001;3.462002e-001;1.663476e+000;2.156794e+002
5.000000e+000;3.165001e+001;3.313014e+001;3.492002e-001;1.678277e+000;2.156942e+002
5.000000e+000;3.168001e+001;3.432905e+001;3.519002e-001;1.693097e+000;2.157090e+002
5.000000e+000;3.172001e+001;3.558316e+001;3.558002e-001;1.712921e+000;2.157288e+002
5.000000e+000;3.177001e+001;3.672686e+001;3.609002e-001;1.738201e+000;2.157541e+002
5.000000e+000;3.182001e+001;3.783900e+001;3.657002e-001;1.763068e+000;2.157790e+002
5.000000e+000;3.186001e+001;3.888015e+001;3.699002e-001;1.783057e+000;2.157990e+002
5.000000e+000;3.190001e+001;3.994497e+001;3.741002e-001;1.803107e+000;2.158190e+002
5.000000e+000;3.194001e+001;4.113599e+001;3.780002e-001;1.823282e+000;2.158392e+002
5.000000e+000;3.198001e+001;4.235855e+001;3.822002e-001;1.843333e+000;2.158592e+002
5.000000e+000;3.202001e+001;4.347858e+001;3.864002e-001;1.863115e+000;2.158790e+002
5.000000e+000;3.208001e+001;4.458284e+001;3.927002e-001;1.893191e+000;2.159091e+002
5.000000e+000;3.213001e+001;4.572653e+001;3.978002e-001;1.918202e+000;2.159341e+002
5.000000e+000;3.218001e+001;4.705952e+001;4.029002e-001;1.943152e+000;2.159591e+002
5.000000e+000;3.222001e+001;4.820322e+001;4.071002e-001;1.963099e+000;2.159790e+002
5.000000e+000;3.226001e+001;4.953621e+001;4.113002e-001;1.983460e+000;2.159994e+002
5.000000e+000;3.230001e+001;5.060891e+001;4.155002e-001;2.003490e+000;2.160194e+002
5.000000e+000;3.235001e+001;5.161063e+001;4.206002e-001;2.028109e+000;2.160440e+002
5.000000e+000;3.239001e+001;5.276221e+001;4.245002e-001;2.047953e+000;2.160639e+002
5.000000e+000;3.244001e+001;5.385069e+001;4.299002e-001;2.073274e+000;2.160892e+002
5.000000e+000;3.249001e+001;5.497861e+001;4.350002e-001;2.098203e+000;2.161141e+002
5.000000e+000;3.254001e+001;5.623272e+001;4.404002e-001;2.123049e+000;2.161390e+002
5.000000e+000;3.260001e+001;5.736853e+001;4.467002e-001;2.153498e+000;2.161694e+002
5.000000e+000;3.267001e+001;5.846489e+001;4.539002e-001;2.188266e+000;2.162042e+002
5.000000e+000;3.272001e+001;5.952182e+001;4.593002e-001;2.213133e+000;2.162290e+002
5.000000e+000;3.278001e+001;6.054720e+001;4.656002e-001;2.243209e+000;2.162591e+002
5.000000e+000;3.284001e+001;6.174611e+001;4.716002e-001;2.273037e+000;2.162889e+002
5.000000e+000;3.290001e+001;6.291346e+001;4.779002e-001;2.303113e+000;2.163190e+002
5.000000e+000;3.296001e+001;6.405715e+001;4.842002e-001;2.333251e+000;2.163492e+002
5.000000e+000;3.301001e+001;6.509042e+001;4.896002e-001;2.358262e+000;2.163742e+002
5.000000e+000;3.306001e+001;6.621045e+001;4.947002e-001;2.383067e+000;2.163990e+002
5.000000e+000;3.311001e+001;6.725949e+001;5.001002e-001;2.408286e+000;2.164242e+002
5.000000e+000;3.316001e+001;6.840318e+001;5.052002e-001;2.433256e+000;2.164492e+002
5.000000e+000;3.323001e+001;6.960209e+001;5.127002e-001;2.468169e+000;2.164841e+002
5.000000e+000;3.328001e+001;7.064324e+001;5.178002e-001;2.493449e+000;2.165094e+002
5.000000e+000;3.332001e+001;7.185793e+001;5.220002e-001;2.513458e+000;2.165294e+002
5.000000e+000;3.336001e+001;7.302528e+001;5.262002e-001;2.533158e+000;2.165491e+002
5.000000e+000;3.343001e+001;7.410587e+001;5.334002e-001;2.568153e+000;2.165841e+002
5.000000e+000;3.349001e+001;7.528111e+001;5.397002e-001;2.598291e+000;2.166142e+002
5.000000e+000;3.357001e+001;7.635382e+001;5.481002e-001;2.638186e+000;2.166541e+002
5.000000e+000;3.364001e+001;7.752906e+001;5.553002e-001;2.673326e+000;2.166892e+002
5.000000e+000;3.372001e+001;7.872008e+001;5.637002e-001;2.713180e+000;2.167291e+002
5.000000e+000;3.380001e+001;7.972179e+001;5.718002e-001;2.753219e+000;2.167691e+002
5.000000e+000;3.386001e+001;8.073929e+001;5.781002e-001;2.783005e+000;2.167989e+002
5.000000e+000;3.390001e+001;8.174100e+001;5.823002e-001;2.803097e+000;2.168190e+002
5.000000e+000;3.399001e+001;8.286103e+001;5.916002e-001;2.848428e+000;2.168643e+002
5.000000e+000;3.406001e+001;8.395740e+001;5.991002e-001;2.883176e+000;2.168991e+002
5.000000e+000;3.415001e+001;8.514053e+001;6.084002e-001;2.928093e+000;2.169440e+002
5.000000e+000;3.422001e+001;8.631577e+001;6.159002e-001;2.963110e+000;2.169790e+002
5.000000e+000;3.429001e+001;8.761722e+001;6.231002e-001;2.998436e+000;2.170143e+002
5.000000e+000;3.433001e+001;8.862682e+001;6.273002e-001;3.018466e+000;2.170344e+002
5.000000e+000;3.441001e+001;8.974685e+001;6.357002e-001;3.058154e+000;2.170741e+002
5.000000e+000;3.450001e+001;9.078800e+001;6.450002e-001;3.103216e+000;2.171191e+002
5.000000e+000;3.455001e+001;9.183704e+001;6.504002e-001;3.128125e+000;2.171440e+002
5.000000e+000;3.462001e+001;9.307539e+001;6.576002e-001;3.163368e+000;2.171793e+002
5.000000e+000;3.468001e+001;9.410077e+001;6.639002e-001;3.193424e+000;2.172093e+002
5.000000e+000;3.474001e+001;9.518136e+001;6.702002e-001;3.223210e+000;2.172391e+002
5.000000e+000;3.482001e+001;9.626195e+001;6.786002e-001;3.263146e+000;2.172790e+002
5.000000e+000;3.490001e+001;9.726366e+001;6.870002e-001;3.303123e+000;2.173190e+002
5.000000e+000;3.498001e+001;9.833637e+001;6.954002e-001;3.343349e+000;2.173593e+002
5.000000e+000;3.505001e+001;9.942485e+001;7.026002e-001;3.378241e+000;2.173941e+002
5.000000e+000;3.516001e+001;1.004739e+002;7.140002e-001;3.433143e+000;2.174490e+002
5.000000e+000;3.523001e+001;1.015387e+002;7.215002e-001;3.468097e+000;2.174840e+002
5.000000e+000;3.531001e+001;1.026430e+002;7.299002e-001;3.508467e+000;2.175244e+002
5.000000e+000;3.537001e+001;1.038024e+002;7.362002e-001;3.538316e+000;2.175542e+002
5.000000e+000;3.543001e+001;1.049225e+002;7.425002e-001;3.568143e+000;2.175840e+002
5.000000e+000;3.555001e+001;1.060188e+002;7.548002e-001;3.628027e+000;2.176439e+002
5.000000e+000;3.561001e+001;1.072098e+002;7.611002e-001;3.658082e+000;2.176740e+002
5.000000e+000;3.569001e+001;1.082273e+002;7.698002e-001;3.698493e+000;2.177144e+002
5.000000e+000;3.576001e+001;1.093316e+002;7.770002e-001;3.733200e+000;2.177491e+002
5.000000e+000;3.582001e+001;1.103649e+002;7.833002e-001;3.763296e+000;2.177792e+002
5.000000e+000;3.586001e+001;1.113902e+002;7.875002e-001;3.783285e+000;2.177992e+002
5.000000e+000;3.594001e+001;1.125813e+002;7.956002e-001;3.823159e+000;2.178391e+002
5.000000e+000;3.601001e+001;1.136224e+002;8.031002e-001;3.858258e+000;2.178742e+002
5.000000e+000;3.608001e+001;1.148450e+002;8.103002e-001;3.893129e+000;2.179090e+002
5.000000e+000;3.615001e+001;1.159650e+002;8.178002e-001;3.928249e+000;2.179442e+002
5.000000e+000;3.624001e+001;1.170219e+002;8.271002e-001;3.973125e+000;2.179890e+002
5.000000e+000;3.634001e+001;1.180552e+002;8.376002e-001;4.023273e+000;2.180392e+002
5.000000e+000;3.642001e+001;1.190648e+002;8.457002e-001;4.063126e+000;2.180790e+002
5.000000e+000;3.651001e+001;1.201296e+002;8.553002e-001;4.108209e+000;2.181241e+002
5.000000e+000;3.662001e+001;1.213049e+002;8.667002e-001;4.163172e+000;2.181791e+002
5.000000e+000;3.667001e+001;1.223539e+002;8.724002e-001;4.188411e+000;2.182043e+002
5.000000e+000;3.674001e+001;1.233951e+002;8.796002e-001;4.223221e+000;2.182391e+002
5.000000e+000;3.683001e+001;1.245230e+002;8.889002e-001;4.268242e+000;2.182841e+002
5.000000e+000;3.694001e+001;1.256667e+002;9.003002e-001;4.323040e+000;2.183389e+002
5.000000e+000;3.701001e+001;1.267078e+002;9.081002e-001;4.358387e+000;2.183743e+002
5.000000e+000;3.708001e+001;1.277095e+002;9.153002e-001;4.393238e+000;2.184091e+002
5.000000e+000;3.717001e+001;1.287980e+002;9.246002e-001;4.438259e+000;2.184542e+002
5.000000e+000;3.725001e+001;1.299496e+002;9.330002e-001;4.478071e+000;2.184940e+002
5.000000e+000;3.733001e+001;1.309513e+002;9.411002e-001;4.518400e+000;2.185343e+002
5.000000e+000;3.740001e+001;1.321344e+002;9.486002e-001;4.553312e+000;2.185692e+002
5.000000e+000;3.749001e+001;1.332860e+002;9.579002e-001;4.598106e+000;2.186140e+002
5.000000e+000;3.756001e+001;1.344534e+002;9.651002e-001;4.633350e+000;2.186493e+002
5.000000e+000;3.766001e+001;1.355261e+002;9.756002e-001;4.683104e+000;2.186990e+002
5.000000e+000;3.774001e+001;1.366146e+002;9.840002e-001;4.723330e+000;2.187392e+002
5.000000e+000;3.783001e+001;1.376163e+002;9.936002e-001;4.768103e+000;2.187840e+002
5.000000e+000;3.788001e+001;1.378923e+002;9.987002e-001;4.793156e+000;2.188091e+002
5.000000e+000;3.791001e+001;1.379397e+002;1.001700e+000;4.808204e+000;2.188241e+002
6.000000e+000;3.812001e+001;1.364016e+002;1.005600e+000;4.823686e+000;2.188396e+002
6.000000e+000;3.816001e+001;1.353131e+002;1.005300e+000;4.817857e+000;2.188338e+002
6.000000e+000;3.822001e+001;1.339091e+002;1.000800e+000;4.790778e+000;2.188067e+002
6.000000e+000;3.826001e+001;1.325604e+002;9.975002e-001;4.770728e+000;2.187866e+002
6.000000e+000;3.829001e+001;1.311801e+002;9.951002e-001;4.755659e+000;2.187716e+002
6.000000e+000;3.831001e+001;1.301783e+002;9.930002e-001;4.745820e+000;2.187617e+002
6.000000e+000;3.835001e+001;1.290583e+002;9.894002e-001;4.725976e+000;2.187419e+002
6.000000e+000;3.840001e+001;1.278673e+002;9.849002e-001;4.700922e+000;2.187168e+002
6.000000e+000;3.844001e+001;1.266684e+002;9.810002e-001;4.680934e+000;2.186968e+002
6.000000e+000;3.848001e+001;1.256036e+002;9.771002e-001;4.660966e+000;2.186769e+002
6.000000e+000;3.853001e+001;1.243968e+002;9.723002e-001;4.635851e+000;2.186518e+002
6.000000e+000;3.857001e+001;1.231821e+002;9.681002e-001;4.615738e+000;2.186316e+002
6.000000e+000;3.861001e+001;1.221252e+002;9.642002e-001;4.595749e+000;2.186117e+002
6.000000e+000;3.865001e+001;1.210998e+002;9.600002e-001;4.575844e+000;2.185917e+002
6.000000e+000;3.870001e+001;1.199955e+002;9.549002e-001;4.550977e+000;2.185669e+002
6.000000e+000;3.875001e+001;1.188440e+002;9.495002e-001;4.525717e+000;2.185416e+002
6.000000e+000;3.880001e+001;1.177712e+002;9.447002e-001;4.500685e+000;2.185166e+002
6.000000e+000;3.887001e+001;1.166039e+002;9.375002e-001;4.465896e+000;2.184818e+002
6.000000e+000;3.892001e+001;1.154208e+002;9.321002e-001;4.440719e+000;2.184566e+002
6.000000e+000;3.895001e+001;1.144191e+002;9.291002e-001;4.425733e+000;2.184416e+002
6.000000e+000;3.899001e+001;1.133700e+002;9.249002e-001;4.405868e+000;2.184218e+002
6.000000e+000;3.903001e+001;1.122736e+002;9.207002e-001;4.386003e+000;2.184019e+002
6.000000e+000;3.906001e+001;1.112719e+002;9.177002e-001;4.371058e+000;2.183870e+002
6.000000e+000;3.911001e+001;1.101756e+002;9.123002e-001;4.345902e+000;2.183618e+002
6.000000e+000;3.915001e+001;1.091107e+002;9.081002e-001;4.325892e+000;2.183418e+002
6.000000e+000;3.919001e+001;1.080144e+002;9.039002e-001;4.306028e+000;2.183219e+002
6.000000e+000;3.924001e+001;1.068312e+002;8.988002e-001;4.280913e+000;2.182968e+002
6.000000e+000;3.928001e+001;1.058059e+002;8.946002e-001;4.260759e+000;2.182767e+002
6.000000e+000;3.935001e+001;1.046227e+002;8.874002e-001;4.225908e+000;2.182418e+002
6.000000e+000;3.940001e+001;1.035027e+002;8.820002e-001;4.201041e+000;2.182169e+002
6.000000e+000;3.946001e+001;1.023669e+002;8.757002e-001;4.170862e+000;2.181868e+002
6.000000e+000;3.951001e+001;1.011443e+002;8.706002e-001;4.145892e+000;2.181618e+002
6.000000e+000;3.957001e+001;1.001347e+002;8.643002e-001;4.116105e+000;2.181320e+002
6.000000e+000;3.964001e+001;9.902258e+001;8.568002e-001;4.080696e+000;2.180966e+002
6.000000e+000;3.970001e+001;9.786312e+001;8.505002e-001;4.050930e+000;2.180668e+002
6.000000e+000;3.978001e+001;9.669576e+001;8.421002e-001;4.010767e+000;2.180267e+002
6.000000e+000;3.984001e+001;9.569405e+001;8.355002e-001;3.980939e+000;2.179968e+002
6.000000e+000;3.989001e+001;9.450303e+001;8.307002e-001;3.955927e+000;2.179718e+002
6.000000e+000;3.995001e+001;9.331990e+001;8.241002e-001;3.925768e+000;2.179417e+002
6.000000e+000;4.000001e+001;9.222353e+001;8.190002e-001;3.900798e+000;2.179167e+002
6.000000e+000;4.005001e+001;9.101674e+001;8.136002e-001;3.875973e+000;2.178919e+002
6.000000e+000;4.012001e+001;8.998347e+001;8.064002e-001;3.840853e+000;2.178568e+002
6.000000e+000;4.017001e+001;8.887922e+001;8.010002e-001;3.815903e+000;2.178318e+002
6.000000e+000;4.023001e+001;8.761722e+001;7.950002e-001;3.785931e+000;2.178018e+002
6.000000e+000;4.030001e+001;8.637099e+001;7.875002e-001;3.750728e+000;2.177666e+002
6.000000e+000;4.036001e+001;8.531406e+001;7.815002e-001;3.721004e+000;2.177369e+002
6.000000e+000;4.041001e+001;8.420191e+001;7.761002e-001;3.696013e+000;2.177119e+002
6.000000e+000;4.049001e+001;8.313709e+001;7.677002e-001;3.655684e+000;2.176716e+002
6.000000e+000;4.055001e+001;8.189087e+001;7.614002e-001;3.626022e+000;2.176419e+002
6.000000e+000;4.063001e+001;8.085760e+001;7.530002e-001;3.585734e+000;2.176016e+002
6.000000e+000;4.067001e+001;7.977701e+001;7.488002e-001;3.565663e+000;2.175816e+002
6.000000e+000;4.074001e+001;7.874374e+001;7.416002e-001;3.530998e+000;2.175469e+002
6.000000e+000;4.083001e+001;7.767104e+001;7.323002e-001;3.485688e+000;2.175016e+002
6.000000e+000;4.090001e+001;7.663777e+001;7.248002e-001;3.450899e+000;2.174668e+002
6.000000e+000;4.096001e+001;7.547830e+001;7.185002e-001;3.420719e+000;2.174366e+002
6.000000e+000;4.103001e+001;7.439771e+001;7.113002e-001;3.385951e+000;2.174019e+002
6.000000e+000;4.108001e+001;7.301740e+001;7.062002e-001;3.361001e+000;2.173769e+002
6.000000e+000;4.116001e+001;7.191314e+001;6.978002e-001;3.320735e+000;2.173366e+002
6.000000e+000;4.122001e+001;7.071423e+001;6.915002e-001;3.291052e+000;2.173070e+002
6.000000e+000;4.128001e+001;6.957054e+001;6.852002e-001;3.260748e+000;2.172767e+002
6.000000e+000;4.133001e+001;6.849783e+001;6.801002e-001;3.235716e+000;2.172516e+002
6.000000e+000;4.140001e+001;6.729105e+001;6.729002e-001;3.200948e+000;2.172169e+002
6.000000e+000;4.146001e+001;6.618679e+001;6.663002e-001;3.170707e+000;2.171866e+002
6.000000e+000;4.155001e+001;6.505887e+001;6.573002e-001;3.125933e+000;2.171418e+002
6.000000e+000;4.161001e+001;6.404138e+001;6.507002e-001;3.095940e+000;2.171118e+002
6.000000e+000;4.167001e+001;6.298445e+001;6.444002e-001;3.065699e+000;2.170816e+002
6.000000e+000;4.176001e+001;6.176188e+001;6.351002e-001;3.020988e+000;2.170369e+002
6.000000e+000;4.183001e+001;6.063397e+001;6.279002e-001;2.985889e+000;2.170018e+002
6.000000e+000;4.191001e+001;5.961647e+001;6.195002e-001;2.945932e+000;2.169618e+002
6.000000e+000;4.198001e+001;5.847278e+001;6.123002e-001;2.910751e+000;2.169267e+002
6.000000e+000;4.205001e+001;5.740797e+001;6.048002e-001;2.875962e+000;2.168919e+002
6.000000e+000;4.211001e+001;5.637470e+001;5.988002e-001;2.846072e+000;2.168620e+002
6.000000e+000;4.222001e+001;5.518368e+001;5.871002e-001;2.790902e+000;2.168068e+002
6.000000e+000;4.230001e+001;5.412675e+001;5.790002e-001;2.750718e+000;2.167666e+002
6.000000e+000;4.234001e+001;5.306982e+001;5.748002e-001;2.730708e+000;2.167466e+002
6.000000e+000;4.241001e+001;5.195768e+001;5.676002e-001;2.695920e+000;2.167118e+002
6.000000e+000;4.247001e+001;5.094019e+001;5.613002e-001;2.665802e+000;2.166817e+002
6.000000e+000;4.254001e+001;4.989904e+001;5.538002e-001;2.630930e+000;2.166468e+002
6.000000e+000;4.259001e+001;4.877112e+001;5.487002e-001;2.605919e+000;2.166218e+002
6.000000e+000;4.265001e+001;4.769053e+001;5.424002e-001;2.575740e+000;2.165916e+002
6.000000e+000;4.273001e+001;4.668881e+001;5.340002e-001;2.535969e+000;2.165519e+002
6.000000e+000;4.281001e+001;4.568709e+001;5.259002e-001;2.495806e+000;2.165117e+002
6.000000e+000;4.289001e+001;4.451974e+001;5.175002e-001;2.455911e+000;2.164718e+002
6.000000e+000;4.296001e+001;4.337605e+001;5.103002e-001;2.421040e+000;2.164369e+002
6.000000e+000;4.302001e+001;4.235855e+001;5.040002e-001;2.390736e+000;2.164066e+002
6.000000e+000;4.307001e+001;4.117543e+001;4.986002e-001;2.365973e+000;2.163819e+002
6.000000e+000;4.318001e+001;4.013427e+001;4.872002e-001;2.310906e+000;2.163268e+002
6.000000e+000;4.324001e+001;3.901424e+001;4.809002e-001;2.280933e+000;2.162968e+002
6.000000e+000;4.333001e+001;3.794154e+001;4.716002e-001;2.235747e+000;2.162516e+002
6.000000e+000;4.342001e+001;3.689249e+001;4.620002e-001;2.190891e+000;2.162068e+002
6.000000e+000;4.351001e+001;3.588289e+001;4.527002e-001;2.145870e+000;2.161618e+002
6.000000e+000;4.357001e+001;3.473131e+001;4.464002e-001;2.115877e+000;2.161318e+002
6.000000e+000;4.365001e+001;3.371382e+001;4.380002e-001;2.075796e+000;2.160917e+002
6.000000e+000;4.370001e+001;3.268055e+001;4.329002e-001;2.050723e+000;2.160666e+002
6.000000e+000;4.377001e+001;3.163151e+001;4.254002e-001;2.015934e+000;2.160318e+002
6.000000e+000;4.381001e+001;3.039317e+001;4.212002e-001;1.996007e+000;2.160119e+002
6.000000e+000;4.388001e+001;2.916271e+001;4.140002e-001;1.960722e+000;2.159766e+002
6.000000e+000;4.395001e+001;2.813733e+001;4.068002e-001;1.925892e+000;2.159418e+002
6.000000e+000;4.403001e+001;2.698575e+001;3.984002e-001;1.885811e+000;2.159017e+002
6.000000e+000;4.409001e+001;2.590516e+001;3.921002e-001;1.855921e+000;2.158718e+002
6.000000e+000;4.416001e+001;2.484823e+001;3.846002e-001;1.820864e+000;2.158368e+002
6.000000e+000;4.423001e+001;2.377553e+001;3.771002e-001;1.785868e+000;2.158018e+002
6.000000e+000;4.430001e+001;2.274226e+001;3.702002e-001;1.751038e+000;2.157669e+002
6.000000e+000;4.436001e+001;2.151181e+001;3.636002e-001;1.720755e+000;2.157367e+002
6.000000e+000;4.446001e+001;2.047065e+001;3.531002e-001;1.671021e+000;2.156869e+002
6.000000e+000;4.450001e+001;1.978444e+001;3.492002e-001;1.650826e+000;2.156667e+002
6.000000e+000;4.453001e+001;1.970556e+001;3.459002e-001;1.635922e+000;2.156518e+002
6.000000e+000;4.454001e+001;1.976077e+001;3.450002e-001;1.631189e+000;2.156471e+002
6.000000e+000;4.455001e+001;1.975289e+001;3.441002e-001;1.627158e+000;2.156431e+002
7.000000e+000;4.474001e+001;2.157491e+001;3.423002e-001;1.620605e+000;2.156365e+002
7.000000e+000;4.481001e+001;2.257662e+001;3.423002e-001;1.622279e+000;2.156382e+002
7.000000e+000;4.485001e+001;2.365722e+001;3.444002e-001;1.636377e+000;2.156523e+002
7.000000e+000;4.488001e+001;2.472203e+001;3.468002e-001;1.650578e+000;2.156665e+002
7.000000e+000;4.491001e+001;2.611024e+001;3.492002e-001;1.665543e+000;2.156814e+002
7.000000e+000;4.494001e+001;2.719083e+001;3.519002e-001;1.680220e+000;2.156961e+002
7.000000e+000;4.498001e+001;2.862636e+001;3.555002e-001;1.700105e+000;2.157160e+002
7.000000e+000;4.501001e+001;2.985682e+001;3.582002e-001;1.714947e+000;2.157308e+002
7.000000e+000;4.504001e+001;3.119770e+001;3.609002e-001;1.730243e+000;2.157461e+002
7.000000e+000;4.507001e+001;3.263323e+001;3.639002e-001;1.745064e+000;2.157610e+002
7.000000e+000;4.511001e+001;3.370593e+001;3.678002e-001;1.764970e+000;2.157809e+002
7.000000e+000;4.514001e+001;3.470765e+001;3.708002e-001;1.780059e+000;2.157960e+002
7.000000e+000;4.517001e+001;3.572514e+001;3.735002e-001;1.795066e+000;2.158110e+002
7.000000e+000;4.522001e+001;3.678207e+001;3.786002e-001;1.820285e+000;2.158362e+002
7.000000e+000;4.527001e+001;3.798097e+001;3.837002e-001;1.845255e+000;2.158612e+002
7.000000e+000;4.531001e+001;3.917199e+001;3.876002e-001;1.865078e+000;2.158810e+002
7.000000e+000;4.536001e+001;4.032357e+001;3.927002e-001;1.890049e+000;2.159060e+002
7.000000e+000;4.540001e+001;4.136473e+001;3.969002e-001;1.910079e+000;2.159260e+002
7.000000e+000;4.544001e+001;4.236644e+001;4.008002e-001;1.930129e+000;2.159460e+002
7.000000e+000;4.548001e+001;4.348647e+001;4.050002e-001;1.950097e+000;2.159660e+002
7.000000e+000;4.553001e+001;4.467749e+001;4.101002e-001;1.975171e+000;2.159911e+002
7.000000e+000;4.557001e+001;4.567921e+001;4.143002e-001;1.995263e+000;2.160112e+002
7.000000e+000;4.561001e+001;4.681501e+001;4.185002e-001;2.015272e+000;2.160312e+002
7.000000e+000;4.564001e+001;4.782462e+001;4.215002e-001;2.030072e+000;2.160460e+002
7.000000e+000;4.570001e+001;4.896042e+001;4.278002e-001;2.060107e+000;2.160760e+002
7.000000e+000;4.573001e+001;5.000946e+001;4.311002e-001;2.075176e+000;2.160911e+002
7.000000e+000;4.577001e+001;5.104273e+001;4.353002e-001;2.095248e+000;2.161112e+002
7.000000e+000;4.583001e+001;5.229684e+001;4.413002e-001;2.125055e+000;2.161410e+002
7.000000e+000;4.587001e+001;5.336166e+001;4.455002e-001;2.145209e+000;2.161611e+002
7.000000e+000;4.592001e+001;5.458423e+001;4.509002e-001;2.170406e+000;2.161863e+002
7.000000e+000;4.597001e+001;5.564905e+001;4.560002e-001;2.195108e+000;2.162110e+002
7.000000e+000;4.603001e+001;5.678485e+001;4.623002e-001;2.224998e+000;2.162409e+002
7.000000e+000;4.608001e+001;5.784967e+001;4.674002e-001;2.250051e+000;2.162660e+002
7.000000e+000;4.615001e+001;5.893815e+001;4.749002e-001;2.285109e+000;2.163010e+002
7.000000e+000;4.620001e+001;6.011339e+001;4.800002e-001;2.310037e+000;2.163259e+002
7.000000e+000;4.626001e+001;6.116243e+001;4.863002e-001;2.340423e+000;2.163563e+002
7.000000e+000;4.631001e+001;6.229035e+001;4.917002e-001;2.365146e+000;2.163810e+002
7.000000e+000;4.636001e+001;6.331573e+001;4.968002e-001;2.389909e+000;2.164058e+002
7.000000e+000;4.642001e+001;6.434899e+001;5.031002e-001;2.420109e+000;2.164360e+002
7.000000e+000;4.648001e+001;6.539803e+001;5.091002e-001;2.450082e+000;2.164660e+002
7.000000e+000;4.654001e+001;6.644707e+001;5.157002e-001;2.480096e+000;2.164960e+002
7.000000e+000;4.659001e+001;6.749612e+001;5.208002e-001;2.505335e+000;2.165212e+002
7.000000e+000;4.663001e+001;6.872658e+001;5.250002e-001;2.525241e+000;2.165411e+002
7.000000e+000;4.668001e+001;6.977562e+001;5.304002e-001;2.550149e+000;2.165661e+002
7.000000e+000;4.674001e+001;7.080099e+001;5.367002e-001;2.580225e+000;2.165961e+002
7.000000e+000;4.679001e+001;7.205511e+001;5.418002e-001;2.605216e+000;2.166211e+002
7.000000e+000;4.684001e+001;7.310416e+001;5.469002e-001;2.630021e+000;2.166459e+002
7.000000e+000;4.690001e+001;7.431095e+001;5.532002e-001;2.660469e+000;2.166764e+002
7.000000e+000;4.694001e+001;7.536787e+001;5.574002e-001;2.680437e+000;2.166963e+002
7.000000e+000;4.702001e+001;7.649580e+001;5.658002e-001;2.720083e+000;2.167360e+002
7.000000e+000;4.710001e+001;7.752906e+001;5.742002e-001;2.760061e+000;2.167760e+002
7.000000e+000;4.718001e+001;7.865697e+001;5.823002e-001;2.799997e+000;2.168159e+002
7.000000e+000;4.725001e+001;7.971391e+001;5.898002e-001;2.835344e+000;2.168512e+002
7.000000e+000;4.732001e+001;8.086549e+001;5.970002e-001;2.870174e+000;2.168861e+002
7.000000e+000;4.739001e+001;8.192242e+001;6.042002e-001;2.905025e+000;2.169209e+002
7.000000e+000;4.748001e+001;8.317654e+001;6.135002e-001;2.950025e+000;2.169659e+002
7.000000e+000;4.754001e+001;8.431234e+001;6.201002e-001;2.980039e+000;2.169959e+002
7.000000e+000;4.760001e+001;8.545603e+001;6.264002e-001;3.010260e+000;2.170262e+002
7.000000e+000;4.767001e+001;8.646564e+001;6.336002e-001;3.045069e+000;2.170610e+002
7.000000e+000;4.774001e+001;8.758566e+001;6.408002e-001;3.080189e+000;2.170961e+002
7.000000e+000;4.780001e+001;8.861105e+001;6.471002e-001;3.110245e+000;2.171261e+002
7.000000e+000;4.788001e+001;8.971530e+001;6.555002e-001;3.150098e+000;2.171660e+002
7.000000e+000;4.792001e+001;9.074068e+001;6.600002e-001;3.170438e+000;2.171863e+002
7.000000e+000;4.798001e+001;9.192381e+001;6.660002e-001;3.200286e+000;2.172162e+002
7.000000e+000;4.804001e+001;9.298862e+001;6.723002e-001;3.230052e+000;2.172460e+002
7.000000e+000;4.812001e+001;9.406921e+001;6.807002e-001;3.270071e+000;2.172860e+002
7.000000e+000;4.820001e+001;9.530756e+001;6.888002e-001;3.310027e+000;2.173259e+002
7.000000e+000;4.826001e+001;9.630927e+001;6.954002e-001;3.340414e+000;2.173563e+002
7.000000e+000;4.833001e+001;9.733466e+001;7.026002e-001;3.375202e+000;2.173911e+002
7.000000e+000;4.842001e+001;9.843102e+001;7.119002e-001;3.420203e+000;2.174361e+002
7.000000e+000;4.850001e+001;9.945640e+001;7.203002e-001;3.459994e+000;2.174759e+002
7.000000e+000;4.857001e+001;1.005054e+002;7.278002e-001;3.495052e+000;2.175110e+002
7.000000e+000;4.863001e+001;1.015860e+002;7.341002e-001;3.525376e+000;2.175413e+002
7.000000e+000;4.873001e+001;1.026114e+002;7.443002e-001;3.574924e+000;2.175908e+002
7.000000e+000;4.880001e+001;1.036368e+002;7.518002e-001;3.610105e+000;2.176260e+002
7.000000e+000;4.889001e+001;1.047095e+002;7.611002e-001;3.655105e+000;2.176710e+002
7.000000e+000;4.893001e+001;1.057506e+002;7.653002e-001;3.675445e+000;2.176913e+002
7.000000e+000;4.900001e+001;1.067918e+002;7.725002e-001;3.710276e+000;2.177262e+002
7.000000e+000;4.908001e+001;1.078172e+002;7.809002e-001;3.750026e+000;2.177659e+002
7.000000e+000;4.917001e+001;1.088504e+002;7.905002e-001;3.795026e+000;2.178109e+002
7.000000e+000;4.923001e+001;1.098995e+002;7.965002e-001;3.825081e+000;2.178410e+002
7.000000e+000;4.929001e+001;1.111300e+002;8.031002e-001;3.855219e+000;2.178711e+002
7.000000e+000;4.933001e+001;1.122263e+002;8.073002e-001;3.875270e+000;2.178912e+002
7.000000e+000;4.940001e+001;1.133069e+002;8.145002e-001;3.909976e+000;2.179259e+002
7.000000e+000;4.948001e+001;1.143086e+002;8.229002e-001;3.950160e+000;2.179661e+002
7.000000e+000;4.955001e+001;1.155312e+002;8.301002e-001;3.985052e+000;2.180010e+002
7.000000e+000;4.963001e+001;1.166276e+002;8.385002e-001;4.025195e+000;2.180411e+002
7.000000e+000;4.971001e+001;1.176293e+002;8.469002e-001;4.065089e+000;2.180810e+002
7.000000e+000;4.981001e+001;1.186783e+002;8.574002e-001;4.115092e+000;2.181310e+002
7.000000e+000;4.990001e+001;1.197431e+002;8.670002e-001;4.160134e+000;2.181760e+002
7.000000e+000;4.997001e+001;1.207922e+002;8.742002e-001;4.195191e+000;2.182111e+002
7.000000e+000;5.006001e+001;1.219516e+002;8.838002e-001;4.240171e+000;2.182561e+002
7.000000e+000;5.015001e+001;1.229928e+002;8.931002e-001;4.285109e+000;2.183010e+002
7.000000e+000;5.023001e+001;1.241049e+002;9.015002e-001;4.325025e+000;2.183409e+002
7.000000e+000;5.032001e+001;1.252644e+002;9.111002e-001;4.370356e+000;2.183863e+002
7.000000e+000;5.040001e+001;1.263134e+002;9.195002e-001;4.410105e+000;2.184260e+002
7.000000e+000;5.050001e+001;1.273467e+002;9.297002e-001;4.460232e+000;2.184761e+002
7.000000e+000;5.055001e+001;1.283642e+002;9.351002e-001;4.485057e+000;2.185010e+002
7.000000e+000;5.065001e+001;1.294921e+002;9.456002e-001;4.535246e+000;2.185511e+002
7.000000e+000;5.072001e+001;1.305017e+002;9.528002e-001;4.570056e+000;2.185860e+002
7.000000e+000;5.079001e+001;1.315113e+002;9.600002e-001;4.605196e+000;2.186211e+002
7.000000e+000;5.087001e+001;1.327418e+002;9.684002e-001;4.645029e+000;2.186609e+002
7.000000e+000;5.095001e+001;1.337751e+002;9.768002e-001;4.685151e+000;2.187011e+002
7.000000e+000;5.101001e+001;1.348241e+002;9.831002e-001;4.715454e+000;2.187314e+002
7.000000e+000;5.110001e+001;1.358968e+002;9.924002e-001;4.759896e+000;2.187758e+002
7.000000e+000;5.116001e+001;1.363543e+002;9.987002e-001;4.790117e+000;2.188060e+002
7.000000e+000;5.119001e+001;1.367329e+002;1.001700e+000;4.805268e+000;2.188212e+002
8.000000e+000;5.124001e+001;1.368985e+002;1.005000e+000;4.819345e+000;2.188352e+002
8.000000e+000;5.133001e+001;1.357864e+002;1.005900e+000;4.821516e+000;2.188374e+002
8.000000e+000;5.144001e+001;1.347216e+002;1.005900e+000;4.821619e+000;2.188375e+002
8.000000e+000;5.148001e+001;1.334990e+002;1.005600e+000;4.815873e+000;2.188318e+002
8.000000e+000;5.152001e+001;1.324263e+002;1.002900e+000;4.798406e+000;2.188143e+002
8.000000e+000;5.155001e+001;1.312668e+002;1.000200e+000;4.783523e+000;2.187994e+002
8.000000e+000;5.159001e+001;1.299180e+002;9.969002e-001;4.763638e+000;2.187795e+002
8.000000e+000;5.162001e+001;1.288927e+002;9.942002e-001;4.748693e+000;2.187646e+002
8.000000e+000;5.166001e+001;1.276780e+002;9.906002e-001;4.728910e+000;2.187448e+002
8.000000e+000;5.170001e+001;1.264475e+002;9.870002e-001;4.709005e+000;2.187249e+002
8.000000e+000;5.175001e+001;1.253275e+002;9.822002e-001;4.683848e+000;2.186998e+002
8.000000e+000;5.179001e+001;1.242075e+002;9.783002e-001;4.663880e+000;2.186798e+002
8.000000e+000;5.184001e+001;1.230165e+002;9.732002e-001;4.638889e+000;2.186548e+002
8.000000e+000;5.188001e+001;1.217071e+002;9.693002e-001;4.618859e+000;2.186348e+002
8.000000e+000;5.194001e+001;1.206108e+002;9.633002e-001;4.588659e+000;2.186046e+002
8.000000e+000;5.198001e+001;1.193645e+002;9.594002e-001;4.568960e+000;2.185849e+002
8.000000e+000;5.204001e+001;1.181183e+002;9.531002e-001;4.539008e+000;2.185549e+002
8.000000e+000;5.210001e+001;1.170614e+002;9.468002e-001;4.508829e+000;2.185247e+002
8.000000e+000;5.215001e+001;1.159492e+002;9.417002e-001;4.483900e+000;2.184998e+002
8.000000e+000;5.219001e+001;1.149475e+002;9.378002e-001;4.463891e+000;2.184798e+002
8.000000e+000;5.224001e+001;1.139300e+002;9.324002e-001;4.438693e+000;2.184546e+002
8.000000e+000;5.227001e+001;1.127627e+002;9.291002e-001;4.423686e+000;2.184396e+002
8.000000e+000;5.231001e+001;1.116032e+002;9.249002e-001;4.403883e+000;2.184198e+002
8.000000e+000;5.235001e+001;1.105699e+002;9.207002e-001;4.383977e+000;2.183999e+002
8.000000e+000;5.238001e+001;1.094815e+002;9.177002e-001;4.369032e+000;2.183849e+002
8.000000e+000;5.242001e+001;1.083299e+002;9.135002e-001;4.348816e+000;2.183647e+002
8.000000e+000;5.248001e+001;1.071231e+002;9.072002e-001;4.318864e+000;2.183348e+002
8.000000e+000;5.254001e+001;1.060425e+002;9.009002e-001;4.289016e+000;2.183049e+002
8.000000e+000;5.259001e+001;1.047726e+002;8.958002e-001;4.263736e+000;2.182796e+002
8.000000e+000;5.264001e+001;1.035895e+002;8.907002e-001;4.238745e+000;2.182546e+002
8.000000e+000;5.270001e+001;1.024379e+002;8.844002e-001;4.208979e+000;2.182249e+002
8.000000e+000;5.275001e+001;1.013494e+002;8.790002e-001;4.183678e+000;2.181996e+002
8.000000e+000;5.280001e+001;1.002136e+002;8.736002e-001;4.158728e+000;2.181746e+002
8.000000e+000;5.285001e+001;9.913301e+001;8.685002e-001;4.133985e+000;2.181499e+002
8.000000e+000;5.293001e+001;9.788678e+001;8.598002e-001;4.093698e+000;2.181096e+002
8.000000e+000;5.300001e+001;9.684563e+001;8.529002e-001;4.058950e+000;2.180749e+002
8.000000e+000;5.305001e+001;9.569405e+001;8.475002e-001;4.034000e+000;2.180499e+002
8.000000e+000;5.311001e+001;9.453458e+001;8.412002e-001;4.003883e+000;2.180198e+002
8.000000e+000;5.319001e+001;9.344610e+001;8.328002e-001;3.963927e+000;2.179798e+002
8.000000e+000;5.324001e+001;9.223142e+001;8.274002e-001;3.938770e+000;2.179547e+002
8.000000e+000;5.328001e+001;9.121393e+001;8.235002e-001;3.918720e+000;2.179346e+002
8.000000e+000;5.334001e+001;9.011756e+001;8.172002e-001;3.888892e+000;2.179048e+002
8.000000e+000;5.340001e+001;8.894232e+001;8.106002e-001;3.859002e+000;2.178749e+002
8.000000e+000;5.345001e+001;8.785384e+001;8.055002e-001;3.833866e+000;2.178498e+002
8.000000e+000;5.350001e+001;8.678902e+001;8.001002e-001;3.808855e+000;2.178248e+002
8.000000e+000;5.357001e+001;8.574787e+001;7.929002e-001;3.773921e+000;2.177898e+002
8.000000e+000;5.363001e+001;8.457262e+001;7.866002e-001;3.743659e+000;2.177596e+002
8.000000e+000;5.370001e+001;8.343682e+001;7.794002e-001;3.708911e+000;2.177248e+002
8.000000e+000;5.375001e+001;8.239567e+001;7.743002e-001;3.683838e+000;2.176997e+002
8.000000e+000;5.382001e+001;8.123620e+001;7.668002e-001;3.648863e+000;2.176648e+002
8.000000e+000;5.389001e+001;8.016350e+001;7.593002e-001;3.613929e+000;2.176298e+002
8.000000e+000;5.396001e+001;7.898037e+001;7.524002e-001;3.578686e+000;2.175946e+002
8.000000e+000;5.402001e+001;7.793133e+001;7.461002e-001;3.548857e+000;2.175648e+002
8.000000e+000;5.410001e+001;7.688229e+001;7.374002e-001;3.508674e+000;2.175246e+002
8.000000e+000;5.417001e+001;7.572282e+001;7.302002e-001;3.473864e+000;2.174898e+002
8.000000e+000;5.426001e+001;7.448447e+001;7.209002e-001;3.428719e+000;2.174446e+002
8.000000e+000;5.432001e+001;7.315148e+001;7.146002e-001;3.398622e+000;2.174145e+002
8.000000e+000;5.437001e+001;7.203934e+001;7.095002e-001;3.373900e+000;2.173898e+002
8.000000e+000;5.442001e+001;7.095875e+001;7.041002e-001;3.348950e+000;2.173649e+002
8.000000e+000;5.449001e+001;6.992548e+001;6.969002e-001;3.313707e+000;2.173296e+002
8.000000e+000;5.455001e+001;6.887643e+001;6.906002e-001;3.283858e+000;2.172998e+002
8.000000e+000;5.461001e+001;6.781951e+001;6.843002e-001;3.253679e+000;2.172696e+002
8.000000e+000;5.468001e+001;6.669159e+001;6.768002e-001;3.218869e+000;2.172348e+002
8.000000e+000;5.472001e+001;6.568987e+001;6.729002e-001;3.198922e+000;2.172148e+002
8.000000e+000;5.481001e+001;6.465661e+001;6.636002e-001;3.153777e+000;2.171697e+002
8.000000e+000;5.488001e+001;6.359179e+001;6.564002e-001;3.119009e+000;2.171349e+002
8.000000e+000;5.494001e+001;6.255064e+001;6.498002e-001;3.088664e+000;2.171046e+002
8.000000e+000;5.501001e+001;6.125708e+001;6.426002e-001;3.053710e+000;2.170696e+002
8.000000e+000;5.509001e+001;6.008184e+001;6.345002e-001;3.014001e+000;2.170299e+002
8.000000e+000;5.516001e+001;5.908012e+001;6.270002e-001;2.978675e+000;2.169946e+002
8.000000e+000;5.523001e+001;5.805474e+001;6.195002e-001;2.943865e+000;2.169598e+002
8.000000e+000;5.530001e+001;5.705303e+001;6.123002e-001;2.908746e+000;2.169246e+002
8.000000e+000;5.538001e+001;5.592511e+001;6.039002e-001;2.868851e+000;2.168848e+002
8.000000e+000;5.547001e+001;5.485241e+001;5.946002e-001;2.823830e+000;2.168397e+002
8.000000e+000;5.552001e+001;5.381125e+001;5.895002e-001;2.798860e+000;2.168148e+002
8.000000e+000;5.559001e+001;5.269122e+001;5.820002e-001;2.764092e+000;2.167800e+002
8.000000e+000;5.565001e+001;5.158697e+001;5.757002e-001;2.733685e+000;2.167496e+002
8.000000e+000;5.571001e+001;5.042750e+001;5.697002e-001;2.703919e+000;2.167198e+002
8.000000e+000;5.576001e+001;4.936268e+001;5.643002e-001;2.679011e+000;2.166949e+002
8.000000e+000;5.585001e+001;4.824265e+001;5.550002e-001;2.633783e+000;2.166497e+002
8.000000e+000;5.592001e+001;4.706741e+001;5.478002e-001;2.598912e+000;2.166148e+002
8.000000e+000;5.598001e+001;4.582907e+001;5.412002e-001;2.568732e+000;2.165846e+002
8.000000e+000;5.608001e+001;4.453551e+001;5.310002e-001;2.518916e+000;2.165348e+002
8.000000e+000;5.616001e+001;4.351014e+001;5.226002e-001;2.478897e+000;2.164948e+002
8.000000e+000;5.624001e+001;4.247687e+001;5.145002e-001;2.438940e+000;2.164548e+002
8.000000e+000;5.629001e+001;4.139627e+001;5.091002e-001;2.413743e+000;2.164296e+002
8.000000e+000;5.636001e+001;4.033935e+001;5.016002e-001;2.378664e+000;2.163946e+002
8.000000e+000;5.643001e+001;3.924298e+001;4.944002e-001;2.343937e+000;2.163598e+002
8.000000e+000;5.654001e+001;3.809140e+001;4.830002e-001;2.288891e+000;2.163048e+002
8.000000e+000;5.662001e+001;3.704236e+001;4.746002e-001;2.248852e+000;2.162648e+002
8.000000e+000;5.669001e+001;3.596965e+001;4.674002e-001;2.213650e+000;2.162296e+002
8.000000e+000;5.678001e+001;3.482596e+001;4.581002e-001;2.169001e+000;2.161849e+002
8.000000e+000;5.683001e+001;3.377692e+001;4.527002e-001;2.143886e+000;2.161598e+002
8.000000e+000;5.691001e+001;3.270422e+001;4.446002e-001;2.104012e+000;2.161199e+002
8.000000e+000;5.697001e+001;3.137911e+001;4.380002e-001;2.073709e+000;2.160896e+002
8.000000e+000;5.702001e+001;3.028274e+001;4.329002e-001;2.048676e+000;2.160646e+002
8.000000e+000;5.709001e+001;2.921004e+001;4.254002e-001;2.013949e+000;2.160299e+002
8.000000e+000;5.714001e+001;2.803480e+001;4.203002e-001;1.988793e+000;2.160047e+002
8.000000e+000;5.720001e+001;2.699364e+001;4.140002e-001;1.958696e+000;2.159746e+002
8.000000e+000;5.730001e+001;2.577896e+001;4.035002e-001;1.908818e+000;2.159247e+002
8.000000e+000;5.738001e+001;2.469837e+001;3.951002e-001;1.868778e+000;2.158847e+002
8.000000e+000;5.744001e+001;2.360200e+001;3.888002e-001;1.838909e+000;2.158548e+002
8.000000e+000;5.751001e+001;2.257662e+001;3.816002e-001;1.803872e+000;2.158198e+002
8.000000e+000;5.759001e+001;2.155124e+001;3.732002e-001;1.763978e+000;2.157799e+002
8.000000e+000;5.767001e+001;2.049432e+001;3.648002e-001;1.723732e+000;2.157396e+002
8.000000e+000;5.770001e+001;1.963457e+001;3.615002e-001;1.708663e+000;2.157246e+002
8.000000e+000;5.771001e+001;1.940584e+001;3.606002e-001;1.703619e+000;2.157195e+002
8.000000e+000;5.773001e+001;1.938217e+001;3.585002e-001;1.693945e+000;2.157098e+002
8.000000e+000;5.774001e+001;1.936640e+001;3.576002e-001;1.689459e+000;2.157054e+002
8.000000e+000;5.775001e+001;1.946105e+001;3.567002e-001;1.685759e+000;2.157017e+002
9.000000e+000;5.787001e+001;2.060474e+001;3.552002e-001;1.679662e+000;2.156956e+002
9.000000e+000;5.796001e+001;2.170111e+001;3.549002e-001;1.679600e+000;2.156955e+002
9.000000e+000;5.800001e+001;2.286057e+001;3.555002e-001;1.685284e+000;2.157012e+002
9.000000e+000;5.804001e+001;2.397272e+001;3.582002e-001;1.702709e+000;2.157186e+002
9.000000e+000;5.807001e+001;2.510063e+001;3.606002e-001;1.717179e+000;2.157331e+002
9.000000e+000;5.810001e+001;2.620489e+001;3.633002e-001;1.732269e+000;2.157482e+002
9.000000e+000;5.813001e+001;2.728548e+001;3.660002e-001;1.747131e+000;2.157630e+002
9.000000e+000;5.816001e+001;2.863425e+001;3.687002e-001;1.762076e+000;2.157780e+002
9.000000e+000;5.819001e+001;3.008555e+001;3.714002e-001;1.777124e+000;2.157930e+002
9.000000e+000;5.822001e+001;3.109516e+001;3.744002e-001;1.792152e+000;2.158081e+002
9.000000e+000;5.825001e+001;3.234139e+001;3.771002e-001;1.807242e+000;2.158231e+002
9.000000e+000;5.829001e+001;3.379269e+001;3.810002e-001;1.827292e+000;2.158432e+002
9.000000e+000;5.832001e+001;3.488117e+001;3.840002e-001;1.842340e+000;2.158582e+002
9.000000e+000;5.836001e+001;3.599332e+001;3.879002e-001;1.862102e+000;2.158780e+002
9.000000e+000;5.841001e+001;3.706602e+001;3.930002e-001;1.887010e+000;2.159029e+002
9.000000e+000;5.846001e+001;3.824126e+001;3.981002e-001;1.912104e+000;2.159280e+002
9.000000e+000;5.851001e+001;3.931397e+001;4.032002e-001;1.937075e+000;2.159530e+002
9.000000e+000;5.856001e+001;4.059964e+001;4.083002e-001;1.962128e+000;2.159780e+002
9.000000e+000;5.860001e+001;4.174333e+001;4.122002e-001;1.982426e+000;2.159983e+002
9.000000e+000;5.864001e+001;4.287124e+001;4.164002e-001;2.002436e+000;2.160183e+002
9.000000e+000;5.869001e+001;4.423579e+001;4.215002e-001;2.027117e+000;2.160430e+002
9.000000e+000;5.873001e+001;4.545835e+001;4.257002e-001;2.046940e+000;2.160628e+002
9.000000e+000;5.879001e+001;4.655472e+001;4.320002e-001;2.077181e+000;2.160931e+002
9.000000e+000;5.883001e+001;4.780095e+001;4.362002e-001;2.097232e+000;2.161131e+002
9.000000e+000;5.887001e+001;4.888154e+001;4.404002e-001;2.117096e+000;2.161330e+002
9.000000e+000;5.893001e+001;4.993847e+001;4.467002e-001;2.147358e+000;2.161633e+002
9.000000e+000;5.897001e+001;5.123991e+001;4.509002e-001;2.167326e+000;2.161832e+002
9.000000e+000;5.901001e+001;5.230473e+001;4.548002e-001;2.187253e+000;2.162032e+002
9.000000e+000;5.906001e+001;5.336166e+001;4.599002e-001;2.212141e+000;2.162280e+002
9.000000e+000;5.910001e+001;5.459212e+001;4.644002e-001;2.232171e+000;2.162481e+002
9.000000e+000;5.915001e+001;5.561750e+001;4.695002e-001;2.257182e+000;2.162731e+002
9.000000e+000;5.922001e+001;5.665865e+001;4.767002e-001;2.292054e+000;2.163080e+002
9.000000e+000;5.927001e+001;5.781812e+001;4.821002e-001;2.317375e+000;2.163333e+002
9.000000e+000;5.931001e+001;5.881984e+001;4.860002e-001;2.337364e+000;2.163533e+002
9.000000e+000;5.938001e+001;5.988465e+001;4.935002e-001;2.372112e+000;2.163880e+002
9.000000e+000;5.943001e+001;6.108356e+001;4.986002e-001;2.397041e+000;2.164129e+002
9.000000e+000;5.950001e+001;6.215626e+001;5.061002e-001;2.432264e+000;2.164482e+002
9.000000e+000;5.955001e+001;6.318164e+001;5.112002e-001;2.457069e+000;2.164730e+002
9.000000e+000;5.959001e+001;6.434899e+001;5.154002e-001;2.477057e+000;2.164930e+002
9.000000e+000;5.966001e+001;6.551635e+001;5.229002e-001;2.512466e+000;2.165284e+002
9.000000e+000;5.972001e+001;6.658905e+001;5.292002e-001;2.542191e+000;2.165581e+002
9.000000e+000;5.977001e+001;6.764598e+001;5.343002e-001;2.567099e+000;2.165830e+002
9.000000e+000;5.983001e+001;6.890010e+001;5.406002e-001;2.597237e+000;2.166131e+002
9.000000e+000;5.988001e+001;7.004379e+001;5.457002e-001;2.622145e+000;2.166380e+002
9.000000e+000;5.994001e+001;7.122692e+001;5.520002e-001;2.652159e+000;2.166681e+002
9.000000e+000;5.998001e+001;7.229963e+001;5.562002e-001;2.672293e+000;2.166882e+002
9.000000e+000;6.003001e+001;7.357741e+001;5.613002e-001;2.697263e+000;2.167132e+002
9.000000e+000;6.010001e+001;7.468955e+001;5.685002e-001;2.732031e+000;2.167479e+002
9.000000e+000;6.016001e+001;7.577803e+001;5.748002e-001;2.762149e+000;2.167781e+002
9.000000e+000;6.024001e+001;7.678764e+001;5.832002e-001;2.802043e+000;2.168179e+002
9.000000e+000;6.030001e+001;7.787611e+001;5.895002e-001;2.832471e+000;2.168484e+002
9.000000e+000;6.036001e+001;7.894093e+001;5.958002e-001;2.862298e+000;2.168782e+002
9.000000e+000;6.043001e+001;8.002152e+001;6.030002e-001;2.896984e+000;2.169129e+002
9.000000e+000;6.053001e+001;8.108633e+001;6.135002e-001;2.947111e+000;2.169630e+002
9.000000e+000;6.059001e+001;8.214326e+001;6.198002e-001;2.977125e+000;2.169930e+002
9.000000e+000;6.065001e+001;8.320808e+001;6.261002e-001;3.007242e+000;2.170231e+002
9.000000e+000;6.072001e+001;8.441488e+001;6.333002e-001;3.042155e+000;2.170581e+002
9.000000e+000;6.078001e+001;8.548758e+001;6.396002e-001;3.072045e+000;2.170879e+002
9.000000e+000;6.084001e+001;8.650507e+001;6.459002e-001;3.102141e+000;2.171180e+002
9.000000e+000;6.091001e+001;8.756200e+001;6.531002e-001;3.137034e+000;2.171529e+002
9.000000e+000;6.100001e+001;8.877668e+001;6.627002e-001;3.182323e+000;2.171982e+002
9.000000e+000;6.105001e+001;8.983361e+001;6.681002e-001;3.207232e+000;2.172231e+002
9.000000e+000;6.111001e+001;9.092998e+001;6.741002e-001;3.236956e+000;2.172529e+002
9.000000e+000;6.119001e+001;9.200269e+001;6.825002e-001;3.277306e+000;2.172932e+002
9.000000e+000;6.125001e+001;9.304384e+001;6.888002e-001;3.307051e+000;2.173230e+002
9.000000e+000;6.131001e+001;9.443204e+001;6.951002e-001;3.337437e+000;2.173533e+002
9.000000e+000;6.138001e+001;9.551263e+001;7.023002e-001;3.372288e+000;2.173882e+002
9.000000e+000;6.145001e+001;9.664055e+001;7.098002e-001;3.406932e+000;2.174228e+002
9.000000e+000;6.154001e+001;9.765015e+001;7.191002e-001;3.452180e+000;2.174681e+002
9.000000e+000;6.162001e+001;9.865187e+001;7.275002e-001;3.492033e+000;2.175079e+002
9.000000e+000;6.171001e+001;9.975613e+001;7.368002e-001;3.537344e+000;2.175532e+002
9.000000e+000;6.176001e+001;1.008209e+002;7.422002e-001;3.562211e+000;2.175781e+002
9.000000e+000;6.186001e+001;1.020199e+002;7.527002e-001;3.612193e+000;2.176281e+002
9.000000e+000;6.195001e+001;1.030531e+002;7.620002e-001;3.657131e+000;2.176730e+002
9.000000e+000;6.202001e+001;1.042915e+002;7.695002e-001;3.692375e+000;2.177083e+002
9.000000e+000;6.209001e+001;1.055613e+002;7.767002e-001;3.727164e+000;2.177431e+002
9.000000e+000;6.218001e+001;1.065946e+002;7.860002e-001;3.772185e+000;2.177881e+002
9.000000e+000;6.225001e+001;1.077541e+002;7.935002e-001;3.807097e+000;2.178230e+002
9.000000e+000;6.230001e+001;1.087874e+002;7.986002e-001;3.832026e+000;2.178479e+002
9.000000e+000;6.237001e+001;1.099863e+002;8.061002e-001;3.867456e+000;2.178834e+002
9.000000e+000;6.244001e+001;1.112798e+002;8.133002e-001;3.902225e+000;2.179181e+002
9.000000e+000;6.252001e+001;1.125182e+002;8.217002e-001;3.942119e+000;2.179580e+002
9.000000e+000;6.261001e+001;1.137723e+002;8.310002e-001;3.987099e+000;2.180030e+002
9.000000e+000;6.266001e+001;1.149081e+002;8.364002e-001;4.012420e+000;2.180283e+002
9.000000e+000;6.273001e+001;1.159098e+002;8.436002e-001;4.047271e+000;2.180632e+002
9.000000e+000;6.280001e+001;1.169746e+002;8.511002e-001;4.081957e+000;2.180979e+002
9.000000e+000;6.290001e+001;1.180237e+002;8.616002e-001;4.132104e+000;2.181480e+002
9.000000e+000;6.299001e+001;1.191121e+002;8.712002e-001;4.177228e+000;2.181931e+002
9.000000e+000;6.307001e+001;1.201296e+002;8.793002e-001;4.217288e+000;2.182332e+002
9.000000e+000;6.316001e+001;1.212260e+002;8.889002e-001;4.262165e+000;2.182781e+002
9.000000e+000;6.324001e+001;1.223460e+002;8.973002e-001;4.302101e+000;2.183180e+002
9.000000e+000;6.334001e+001;1.233477e+002;9.078002e-001;4.352434e+000;2.183683e+002
9.000000e+000;6.341001e+001;1.245624e+002;9.150002e-001;4.387243e+000;2.184031e+002
9.000000e+000;6.348001e+001;1.256272e+002;9.225002e-001;4.421950e+000;2.184379e+002
9.000000e+000;6.360001e+001;1.267630e+002;9.348002e-001;4.482122e+000;2.184980e+002
9.000000e+000;6.367001e+001;1.279067e+002;9.423002e-001;4.517345e+000;2.185332e+002
9.000000e+000;6.376001e+001;1.290583e+002;9.516002e-001;4.562201e+000;2.185781e+002
9.000000e+000;6.381001e+001;1.301152e+002;9.567002e-001;4.586985e+000;2.186029e+002
9.000000e+000;6.389001e+001;1.311722e+002;9.651002e-001;4.627211e+000;2.186431e+002
9.000000e+000;6.397001e+001;1.323395e+002;9.735002e-001;4.667146e+000;2.186830e+002
9.000000e+000;6.402001e+001;1.333728e+002;9.789002e-001;4.692489e+000;2.187084e+002
9.000000e+000;6.412001e+001;1.346032e+002;9.891002e-001;4.742119e+000;2.187580e+002
9.000000e+000;6.422001e+001;1.356129e+002;9.996002e-001;4.792122e+000;2.188080e+002
9.000000e+000;6.425001e+001;1.357075e+002;1.002900e+000;4.807170e+000;2.188231e+002
1.000000e+001;6.444001e+001;1.345638e+002;1.006200e+000;4.820648e+000;2.188366e+002
1.000000e+001;6.453001e+001;1.334201e+002;1.006200e+000;4.820234e+000;2.188361e+002
1.000000e+001;6.457001e+001;1.323553e+002;1.005000e+000;4.810126e+000;2.188260e+002
1.000000e+001;6.461001e+001;1.310538e+002;1.002000e+000;4.791688e+000;2.188076e+002
1.000000e+001;6.465001e+001;1.297130e+002;9.987002e-001;4.771720e+000;2.187876e+002
1.000000e+001;6.468001e+001;1.285772e+002;9.960002e-001;4.756692e+000;2.187726e+002
1.000000e+001;6.472001e+001;1.273231e+002;9.927002e-001;4.737014e+000;2.187529e+002
1.000000e+001;6.476001e+001;1.261478e+002;9.888002e-001;4.717046e+000;2.187329e+002
1.000000e+001;6.481001e+001;1.249410e+002;9.840002e-001;4.691683e+000;2.187076e+002
1.000000e+001;6.485001e+001;1.239314e+002;9.804002e-001;4.671673e+000;2.186876e+002
1.000000e+001;6.489001e+001;1.227010e+002;9.762002e-001;4.651912e+000;2.186678e+002
1.000000e+001;6.494001e+001;1.215809e+002;9.714002e-001;4.627045e+000;2.186429e+002
1.000000e+001;6.498001e+001;1.203978e+002;9.675002e-001;4.606746e+000;2.186226e+002
1.000000e+001;6.504001e+001;1.190411e+002;9.615002e-001;4.576815e+000;2.185927e+002
1.000000e+001;6.509001e+001;1.179369e+002;9.561002e-001;4.551990e+000;2.185679e+002
1.000000e+001;6.515001e+001;1.167143e+002;9.501002e-001;4.521707e+000;2.185376e+002
1.000000e+001;6.521001e+001;1.156495e+002;9.441002e-001;4.491920e+000;2.185078e+002
1.000000e+001;6.526001e+001;1.144585e+002;9.387002e-001;4.466888e+000;2.184828e+002
1.000000e+001;6.530001e+001;1.132280e+002;9.345002e-001;4.446816e+000;2.184627e+002
1.000000e+001;6.534001e+001;1.119660e+002;9.303002e-001;4.426766e+000;2.184427e+002
1.000000e+001;6.538001e+001;1.107592e+002;9.264002e-001;4.406860e+000;2.184228e+002
1.000000e+001;6.542001e+001;1.094893e+002;9.222002e-001;4.386975e+000;2.184029e+002
1.000000e+001;6.546001e+001;1.084876e+002;9.177002e-001;4.367007e+000;2.183829e+002
1.000000e+001;6.552001e+001;1.072808e+002;9.114002e-001;4.336745e+000;2.183526e+002
1.000000e+001;6.556001e+001;1.059557e+002;9.072002e-001;4.316901e+000;2.183328e+002
1.000000e+001;6.563001e+001;1.047726e+002;9.000002e-001;4.281967e+000;2.182979e+002
1.000000e+001;6.567001e+001;1.035658e+002;8.958002e-001;4.261772e+000;2.182777e+002
1.000000e+001;6.574001e+001;1.024063e+002;8.886002e-001;4.226921e+000;2.182428e+002
1.000000e+001;6.579001e+001;1.012548e+002;8.832002e-001;4.202034e+000;2.182179e+002
1.000000e+001;6.583001e+001;1.002452e+002;8.790002e-001;4.181776e+000;2.181977e+002
1.000000e+001;6.591001e+001;9.901470e+001;8.706002e-001;4.141923e+000;2.181578e+002
1.000000e+001;6.597001e+001;9.793410e+001;8.643002e-001;4.111950e+000;2.181279e+002
1.000000e+001;6.602001e+001;9.685352e+001;8.589002e-001;4.086711e+000;2.181026e+002
1.000000e+001;6.608001e+001;9.585180e+001;8.526002e-001;4.056924e+000;2.180728e+002
1.000000e+001;6.615001e+001;9.473177e+001;8.454002e-001;4.021846e+000;2.180377e+002
1.000000e+001;6.621001e+001;9.354864e+001;8.391002e-001;3.991708e+000;2.180076e+002
1.000000e+001;6.626001e+001;9.224719e+001;8.337002e-001;3.967007e+000;2.179829e+002
1.000000e+001;6.631001e+001;9.116660e+001;8.283002e-001;3.941912e+000;2.179578e+002
1.000000e+001;6.638001e+001;8.969164e+001;8.211002e-001;3.906648e+000;2.179226e+002
1.000000e+001;6.643001e+001;8.859527e+001;8.160002e-001;3.881926e+000;2.178978e+002
1.000000e+001;6.647001e+001;8.756200e+001;8.118002e-001;3.862061e+000;2.178780e+002
1.000000e+001;6.655001e+001;8.637099e+001;8.034002e-001;3.821753e+000;2.178377e+002
1.000000e+001;6.661001e+001;8.525095e+001;7.968002e-001;3.791925e+000;2.178078e+002
1.000000e+001;6.667001e+001;8.419402e+001;7.908002e-001;3.761725e+000;2.177776e+002
1.000000e+001;6.673001e+001;8.300301e+001;7.845002e-001;3.731753e+000;2.177477e+002
1.000000e+001;6.681001e+001;8.178833e+001;7.764002e-001;3.692023e+000;2.177079e+002
1.000000e+001;6.689001e+001;8.061308e+001;7.677002e-001;3.651757e+000;2.176677e+002
1.000000e+001;6.696001e+001;7.958771e+001;7.605002e-001;3.616906e+000;2.176328e+002
1.000000e+001;6.703001e+001;7.848345e+001;7.533002e-001;3.581745e+000;2.175976e+002
1.000000e+001;6.710001e+001;7.737131e+001;7.458002e-001;3.546894e+000;2.175628e+002
1.000000e+001;6.717001e+001;7.629861e+001;7.386002e-001;3.511795e+000;2.175277e+002
1.000000e+001;6.725001e+001;7.527322e+001;7.302002e-001;3.471900e+000;2.174878e+002
1.000000e+001;6.730001e+001;7.417686e+001;7.251002e-001;3.446951e+000;2.174629e+002
1.000000e+001;6.736001e+001;7.306472e+001;7.188002e-001;3.416751e+000;2.174327e+002
1.000000e+001;6.741001e+001;7.194469e+001;7.137002e-001;3.391801e+000;2.174077e+002
1.000000e+001;6.747001e+001;7.071423e+001;7.074002e-001;3.361994e+000;2.173779e+002
1.000000e+001;6.751001e+001;6.962576e+001;7.032002e-001;3.341736e+000;2.173576e+002
1.000000e+001;6.759001e+001;6.853728e+001;6.948002e-001;3.301883e+000;2.173178e+002
1.000000e+001;6.766001e+001;6.752767e+001;6.876002e-001;3.267032e+000;2.172829e+002
1.000000e+001;6.770001e+001;6.644707e+001;6.834002e-001;3.246754e+000;2.172627e+002
1.000000e+001;6.776001e+001;6.543748e+001;6.768002e-001;3.216947e+000;2.172328e+002
1.000000e+001;6.783001e+001;6.423068e+001;6.699002e-001;3.182034e+000;2.171979e+002
1.000000e+001;6.792001e+001;6.305544e+001;6.603002e-001;3.136930e+000;2.171528e+002
1.000000e+001;6.797001e+001;6.192752e+001;6.552002e-001;3.111898e+000;2.171278e+002
1.000000e+001;6.804001e+001;6.089426e+001;6.477002e-001;3.076737e+000;2.170926e+002
1.000000e+001;6.810001e+001;5.985310e+001;6.414002e-001;3.046951e+000;2.170629e+002
1.000000e+001;6.817001e+001;5.879617e+001;6.342002e-001;3.011996e+000;2.170279e+002
1.000000e+001;6.826001e+001;5.771558e+001;6.249002e-001;2.966955e+000;2.169829e+002
1.000000e+001;6.834001e+001;5.657189e+001;6.165002e-001;2.926957e+000;2.169429e+002
1.000000e+001;6.842001e+001;5.534143e+001;6.081002e-001;2.886711e+000;2.169026e+002
1.000000e+001;6.850001e+001;5.432394e+001;5.997002e-001;2.847044e+000;2.168629e+002
1.000000e+001;6.857001e+001;5.325912e+001;5.922002e-001;2.811717e+000;2.168276e+002
1.000000e+001;6.862001e+001;5.225741e+001;5.874002e-001;2.786933e+000;2.168028e+002
1.000000e+001;6.868001e+001;5.119259e+001;5.808002e-001;2.756940e+000;2.167728e+002
1.000000e+001;6.874001e+001;5.015932e+001;5.748002e-001;2.726719e+000;2.167426e+002
1.000000e+001;6.880001e+001;4.914972e+001;5.685002e-001;2.696932e+000;2.167128e+002
1.000000e+001;6.886001e+001;4.809279e+001;5.622002e-001;2.666815e+000;2.166827e+002
1.000000e+001;6.895001e+001;4.683078e+001;5.529002e-001;2.621897e+000;2.166378e+002
1.000000e+001;6.901001e+001;4.567132e+001;5.466002e-001;2.592049e+000;2.166080e+002
1.000000e+001;6.907001e+001;4.463017e+001;5.403002e-001;2.561704e+000;2.165776e+002
1.000000e+001;6.914001e+001;4.362845e+001;5.331002e-001;2.526895e+000;2.165428e+002
1.000000e+001;6.920001e+001;4.252419e+001;5.268002e-001;2.496819e+000;2.165127e+002
1.000000e+001;6.930001e+001;4.136473e+001;5.163002e-001;2.446961e+000;2.164629e+002
1.000000e+001;6.937001e+001;4.027625e+001;5.088002e-001;2.411738e+000;2.164276e+002
1.000000e+001;6.944001e+001;3.921143e+001;5.016002e-001;2.376783e+000;2.163927e+002
1.000000e+001;6.951001e+001;3.820182e+001;4.944002e-001;2.342015e+000;2.163579e+002
1.000000e+001;6.962001e+001;3.712123e+001;4.830002e-001;2.286907e+000;2.163028e+002
1.000000e+001;6.970001e+001;3.600909e+001;4.746002e-001;2.246826e+000;2.162627e+002
1.000000e+001;6.978001e+001;3.500737e+001;4.662002e-001;2.206787e+000;2.162227e+002
1.000000e+001;6.982001e+001;3.400566e+001;4.620002e-001;2.186922e+000;2.162028e+002
1.000000e+001;6.991001e+001;3.290140e+001;4.527002e-001;2.141922e+000;2.161578e+002
1.000000e+001;6.997001e+001;3.157630e+001;4.464002e-001;2.111908e+000;2.161278e+002
1.000000e+001;7.001001e+001;3.047993e+001;4.422002e-001;2.091919e+000;2.161078e+002
1.000000e+001;7.007001e+001;2.929680e+001;4.359002e-001;2.061761e+000;2.160777e+002
1.000000e+001;7.014001e+001;2.816100e+001;4.287002e-001;2.026972e+000;2.160429e+002
1.000000e+001;7.020001e+001;2.704097e+001;4.224002e-001;1.997020e+000;2.160129e+002
1.000000e+001;7.029001e+001;2.598404e+001;4.128002e-001;1.951937e+000;2.159678e+002
1.000000e+001;7.036001e+001;2.498232e+001;4.056002e-001;1.917065e+000;2.159330e+002
1.000000e+001;7.042001e+001;2.390173e+001;3.993002e-001;1.886803e+000;2.159027e+002
1.000000e+001;7.050001e+001;2.272649e+001;3.909002e-001;1.846950e+000;2.158629e+002
1.000000e+001;7.056001e+001;2.170111e+001;3.846002e-001;1.816729e+000;2.158326e+002
1.000000e+001;7.064001e+001;2.067573e+001;3.762002e-001;1.776897e+000;2.157928e+002
1.000000e+001;7.070001e+001;1.984754e+001;3.699002e-001;1.747131e+000;2.157630e+002
1.000000e+001;7.071001e+001;1.965035e+001;3.690002e-001;1.741984e+000;2.157579e+002
1.000000e+001;7.073001e+001;1.952415e+001;3.666002e-001;1.731690e+000;2.157476e+002
1.000000e+001;7.074001e+001;1.943739e+001;3.657002e-001;1.726977e+000;2.157429e+002
