Test time;Standard force;Strain;Nominal strain;LE Channel
1.005859e-002;1.423964e+001;-9.946594e-005;1.573612e-005;2.090192e+002
4.005859e-002;1.429486e+001;-1.994659e-004;1.573612e-005;2.090192e+002
5.005860e-002;1.438163e+001;-1.994659e-004;1.573612e-005;2.090192e+002
3.100586e-001;1.524930e+001;4.005341e-004;1.002039e-002;2.090292e+002
3.500586e-001;1.659814e+001;2.200534e-003;2.804531e-002;2.090472e+002
3.800586e-001;1.781289e+001;3.400534e-003;4.290759e-002;2.090621e+002
4.200586e-001;1.896453e+001;5.500534e-003;6.279287e-002;2.090820e+002
4.500586e-001;2.014773e+001;7.000534e-003;7.757248e-002;2.090968e+002
4.800586e-001;2.114950e+001;8.500534e-003;9.253812e-002;2.091117e+002
5.100586e-001;2.218282e+001;9.700534e-003;1.072971e-001;2.091265e+002
5.400586e-001;2.318460e+001;1.150053e-002;1.226141e-001;2.091418e+002
5.800586e-001;2.434413e+001;1.330053e-002;1.425821e-001;2.091618e+002
6.100586e-001;2.547211e+001;1.480053e-002;1.574237e-001;2.091766e+002
6.400586e-001;2.656853e+001;1.660053e-002;1.724927e-001;2.091917e+002
6.800586e-001;2.789371e+001;1.840053e-002;1.923986e-001;2.092116e+002
7.100586e-001;2.918734e+001;2.020053e-002;2.078810e-001;2.092271e+002
7.500586e-001;3.033898e+001;2.200053e-002;2.278490e-001;2.092470e+002
7.900586e-001;3.166416e+001;2.440053e-002;2.475689e-001;2.092668e+002
8.200586e-001;3.276847e+001;2.590053e-002;2.625552e-001;2.092818e+002
8.500586e-001;3.394378e+001;2.740053e-002;2.773142e-001;2.092965e+002
8.800586e-001;3.504810e+001;2.920053e-002;2.926105e-001;2.093118e+002
9.300586e-001;3.613663e+001;3.160053e-002;3.176428e-001;2.093368e+002
9.600586e-001;3.727250e+001;3.340054e-002;3.324431e-001;2.093516e+002
1.020059e+000;3.837682e+001;3.640053e-002;3.624571e-001;2.093817e+002
1.070059e+000;3.954424e+001;3.910054e-002;3.876341e-001;2.094068e+002
1.120059e+000;4.066433e+001;4.180053e-002;4.126250e-001;2.094318e+002
1.170059e+000;4.180808e+001;4.450053e-002;4.374506e-001;2.094566e+002
1.220059e+000;4.303860e+001;4.720053e-002;4.626070e-001;2.094818e+002
1.260059e+000;4.419025e+001;4.930053e-002;4.826163e-001;2.095018e+002
1.310059e+000;4.531823e+001;5.200053e-002;5.075039e-001;2.095267e+002
1.370059e+000;4.632788e+001;5.530053e-002;5.375178e-001;2.095567e+002
1.420059e+000;4.742431e+001;5.770053e-002;5.627982e-001;2.095820e+002
1.460059e+000;4.844975e+001;6.010053e-002;5.826215e-001;2.096018e+002
1.510059e+000;4.953040e+001;6.250054e-002;6.073851e-001;2.096266e+002
1.570059e+000;5.068204e+001;6.580053e-002;6.375851e-001;2.096568e+002
1.640059e+000;5.199145e+001;6.940053e-002;6.724774e-001;2.096917e+002
1.710059e+000;5.326141e+001;7.330053e-002;7.075763e-001;2.097268e+002
1.740059e+000;5.443671e+001;7.480054e-002;7.226453e-001;2.097418e+002
1.810059e+000;5.565935e+001;7.870053e-002;7.575789e-001;2.097768e+002
1.870059e+000;5.674000e+001;8.170053e-002;7.873448e-001;2.098065e+002
1.940059e+000;5.778121e+001;8.560053e-002;8.226299e-001;2.098418e+002
2.020059e+000;5.883031e+001;8.980054e-002;8.625244e-001;2.098817e+002
2.080059e+000;5.984786e+001;9.310053e-002;8.926624e-001;2.099119e+002
2.170058e+000;6.104683e+001;9.790053e-002;9.375180e-001;2.099567e+002
2.250059e+000;6.216692e+001;1.021005e-001;9.775573e-001;2.099968e+002
2.320059e+000;6.327913e+001;1.057005e-001;1.012491e+000;2.100317e+002
2.370059e+000;6.428090e+001;1.087005e-001;1.037441e+000;2.100566e+002
2.440059e+000;6.529056e+001;1.126005e-001;1.072808e+000;2.100920e+002
2.510059e+000;6.638699e+001;1.162005e-001;1.107556e+000;2.101268e+002
2.590059e+000;6.764117e+001;1.204005e-001;1.147533e+000;2.101667e+002
2.700059e+000;6.865871e+001;1.264005e-001;1.202497e+000;2.102217e+002
2.750059e+000;6.969204e+001;1.291005e-001;1.227777e+000;2.102470e+002
2.830059e+000;7.096201e+001;1.333005e-001;1.267506e+000;2.102867e+002
2.900059e+000;7.205054e+001;1.372005e-001;1.302585e+000;2.103218e+002
2.970059e+000;7.317852e+001;1.408005e-001;1.337539e+000;2.103567e+002
3.040059e+000;7.433805e+001;1.447005e-001;1.372472e+000;2.103917e+002
3.100059e+000;7.541081e+001;1.480005e-001;1.402652e+000;2.104219e+002
3.200059e+000;7.660190e+001;1.531005e-001;1.452510e+000;2.104717e+002
3.280059e+000;7.760367e+001;1.576005e-001;1.492466e+000;2.105117e+002
3.380059e+000;7.870798e+001;1.627005e-001;1.542469e+000;2.105617e+002
3.460059e+000;7.985963e+001;1.672005e-001;1.582860e+000;2.106021e+002
3.580059e+000;8.090084e+001;1.735005e-001;1.642577e+000;2.106618e+002
3.680058e+000;8.191839e+001;1.789005e-001;1.692477e+000;2.107117e+002
3.740059e+000;8.295171e+001;1.822005e-001;1.722511e+000;2.107417e+002
3.810059e+000;8.411124e+001;1.858005e-001;1.757755e+000;2.107770e+002
3.930058e+000;8.525500e+001;1.921005e-001;1.817618e+000;2.108368e+002
4.030058e+000;8.638297e+001;1.975005e-001;1.867455e+000;2.108867e+002
4.130059e+000;8.755039e+001;2.029005e-001;1.917809e+000;2.109370e+002
4.210059e+000;8.862316e+001;2.071005e-001;1.957538e+000;2.109767e+002
4.310059e+000;8.964071e+001;2.125005e-001;2.007644e+000;2.110268e+002
4.420059e+000;9.074502e+001;2.182005e-001;2.062608e+000;2.110818e+002
4.500059e+000;9.187300e+001;2.227005e-001;2.102668e+000;2.111219e+002
4.560059e+000;9.292999e+001;2.257005e-001;2.132413e+000;2.111516e+002
4.670059e+000;9.395542e+001;2.317005e-001;2.187438e+000;2.112066e+002
4.770059e+000;9.505185e+001;2.368005e-001;2.237834e+000;2.112570e+002
4.830059e+000;9.622716e+001;2.401005e-001;2.267744e+000;2.112869e+002
4.950058e+000;9.725259e+001;2.464005e-001;2.327607e+000;2.113468e+002
5.060059e+000;9.834902e+001;2.524005e-001;2.382488e+000;2.114017e+002
5.150059e+000;9.938235e+001;2.569005e-001;2.427798e+000;2.114470e+002
5.290059e+000;1.004393e+002;2.644005e-001;2.497603e+000;2.115168e+002
5.430058e+000;1.015515e+002;2.719005e-001;2.567409e+000;2.115866e+002
5.490058e+000;1.026006e+002;2.749005e-001;2.597857e+000;2.116171e+002
5.620059e+000;1.036418e+002;2.818005e-001;2.662639e+000;2.116818e+002
5.740058e+000;1.048250e+002;2.884005e-001;2.722522e+000;2.117417e+002
5.810059e+000;1.059215e+002;2.920005e-001;2.757600e+000;2.117768e+002
5.910058e+000;1.069627e+002;2.971005e-001;2.807500e+000;2.118267e+002
6.040059e+000;1.079723e+002;3.040005e-001;2.872468e+000;2.118917e+002
6.150059e+000;1.090372e+002;3.097005e-001;2.927597e+000;2.119468e+002
6.250059e+000;1.100705e+002;3.151005e-001;2.977455e+000;2.119967e+002
6.360059e+000;1.111275e+002;3.208005e-001;3.032521e+000;2.120517e+002
6.450058e+000;1.122240e+002;3.256005e-001;3.077543e+000;2.120967e+002
6.540059e+000;1.132257e+002;3.304005e-001;3.122605e+000;2.121418e+002
6.640059e+000;1.142827e+002;3.358005e-001;3.172628e+000;2.121918e+002
6.720058e+000;1.153239e+002;3.400005e-001;3.212481e+000;2.122317e+002
6.820059e+000;1.165071e+002;3.451005e-001;3.262649e+000;2.122818e+002
6.910058e+000;1.175641e+002;3.499005e-001;3.307526e+000;2.123267e+002
7.040059e+000;1.185895e+002;3.568005e-001;3.372473e+000;2.123917e+002
7.140059e+000;1.197017e+002;3.619005e-001;3.422827e+000;2.124420e+002
7.270059e+000;1.207272e+002;3.688005e-001;3.487382e+000;2.125066e+002
7.430058e+000;1.217290e+002;3.772005e-001;3.567502e+000;2.125867e+002
7.520059e+000;1.227307e+002;3.820005e-001;3.612833e+000;2.126320e+002
7.650059e+000;1.237640e+002;3.889005e-001;3.677574e+000;2.126968e+002
7.770059e+000;1.248368e+002;3.952005e-001;3.737498e+000;2.127567e+002
7.850059e+000;1.260437e+002;3.994005e-001;3.777682e+000;2.127969e+002
8.010058e+000;1.270770e+002;4.078005e-001;3.857492e+000;2.128767e+002
8.150059e+000;1.280788e+002;4.153005e-001;3.927752e+000;2.129470e+002
8.200059e+000;1.290805e+002;4.180005e-001;3.952826e+000;2.129720e+002
8.350059e+000;1.301454e+002;4.258005e-001;4.027509e+000;2.130467e+002
8.480059e+000;1.312576e+002;4.327005e-001;4.092477e+000;2.131117e+002
8.610059e+000;1.324250e+002;4.396005e-001;4.157528e+000;2.131767e+002
8.720058e+000;1.334741e+002;4.453005e-001;4.212678e+000;2.132319e+002
8.830059e+000;1.345390e+002;4.513005e-001;4.267787e+000;2.132870e+002
8.910059e+000;1.355881e+002;4.555005e-001;4.307640e+000;2.133268e+002
9.040058e+000;1.366372e+002;4.621005e-001;4.372525e+000;2.133917e+002
9.140059e+000;1.376469e+002;4.675005e-001;4.422424e+000;2.134416e+002
9.260058e+000;1.386644e+002;4.738005e-001;4.482535e+000;2.135017e+002
9.430058e+000;1.397293e+002;4.828005e-001;4.567492e+000;2.135867e+002
9.550058e+000;1.408257e+002;4.891005e-001;4.627830e+000;2.136470e+002
9.730059e+000;1.418748e+002;4.984005e-001;4.717686e+000;2.137369e+002
9.750058e+000;1.419852e+002;4.996005e-001;4.727422e+000;2.137466e+002
9.780059e+000;1.420484e+002;5.011005e-001;4.742429e+000;2.137616e+002
9.940059e+000;1.407705e+002;5.029005e-001;4.756919e+000;2.137761e+002
1.001006e+001;1.397372e+002;5.032005e-001;4.757001e+000;2.137762e+002
1.009006e+001;1.384751e+002;5.026006e-001;4.746542e+000;2.137657e+002
1.014006e+001;1.371894e+002;5.008005e-001;4.722998e+000;2.137422e+002
1.017006e+001;1.359746e+002;4.996005e-001;4.708301e+000;2.137275e+002
1.020006e+001;1.349413e+002;4.984005e-001;4.693026e+000;2.137122e+002
1.023006e+001;1.338922e+002;4.972005e-001;4.678019e+000;2.136972e+002
1.026006e+001;1.326459e+002;4.957005e-001;4.663115e+000;2.136823e+002
1.030006e+001;1.313049e+002;4.939005e-001;4.643250e+000;2.136624e+002
1.034006e+001;1.302006e+002;4.921005e-001;4.623282e+000;2.136425e+002
1.039006e+001;1.288202e+002;4.900005e-001;4.598209e+000;2.136174e+002
1.043006e+001;1.276765e+002;4.882005e-001;4.578241e+000;2.135974e+002
1.048006e+001;1.265485e+002;4.858005e-001;4.553146e+000;2.135723e+002
1.052006e+001;1.254126e+002;4.840005e-001;4.533075e+000;2.135523e+002
1.056006e+001;1.244030e+002;4.819005e-001;4.513045e+000;2.135322e+002
1.060006e+001;1.232434e+002;4.801005e-001;4.493118e+000;2.135123e+002
1.065006e+001;1.221312e+002;4.774005e-001;4.468272e+000;2.134875e+002
1.070006e+001;1.210506e+002;4.750005e-001;4.443013e+000;2.134622e+002
1.075006e+001;1.199463e+002;4.726005e-001;4.417939e+000;2.134371e+002
1.081006e+001;1.188183e+002;4.696005e-001;4.388256e+000;2.134075e+002
1.086006e+001;1.176193e+002;4.669005e-001;4.363079e+000;2.133823e+002
1.091006e+001;1.164440e+002;4.645005e-001;4.338005e+000;2.133572e+002
1.094006e+001;1.154107e+002;4.630005e-001;4.323122e+000;2.133423e+002
1.098006e+001;1.142512e+002;4.609005e-001;4.303257e+000;2.133225e+002
1.103006e+001;1.130443e+002;4.585005e-001;4.278101e+000;2.132973e+002
1.108006e+001;1.120268e+002;4.558005e-001;4.252986e+000;2.132722e+002
1.112006e+001;1.109934e+002;4.537005e-001;4.233204e+000;2.132524e+002
1.116006e+001;1.097392e+002;4.516005e-001;4.213174e+000;2.132324e+002
1.122006e+001;1.085008e+002;4.486005e-001;4.183057e+000;2.132023e+002
1.127006e+001;1.073413e+002;4.459005e-001;4.158025e+000;2.131772e+002
1.134006e+001;1.060713e+002;4.423005e-001;4.123277e+000;2.131425e+002
1.140006e+001;1.050696e+002;4.393005e-001;4.093180e+000;2.131124e+002
1.145006e+001;1.040362e+002;4.366005e-001;4.068189e+000;2.130874e+002
1.150006e+001;1.030345e+002;4.342005e-001;4.043199e+000;2.130624e+002
1.154006e+001;1.020248e+002;4.321005e-001;4.023003e+000;2.130422e+002
1.161006e+001;1.008180e+002;4.285005e-001;3.988028e+000;2.130072e+002
1.168006e+001;9.972153e+001;4.246005e-001;3.953280e+000;2.129725e+002
1.174006e+001;9.865665e+001;4.216005e-001;3.923184e+000;2.129424e+002
1.181006e+001;9.752867e+001;4.177005e-001;3.888209e+000;2.129074e+002
1.187006e+001;9.649535e+001;4.147005e-001;3.858154e+000;2.128774e+002
1.192006e+001;9.546202e+001;4.120005e-001;3.833039e+000;2.128522e+002
1.197006e+001;9.429461e+001;4.096005e-001;3.808234e+000;2.128274e+002
1.202006e+001;9.307986e+001;4.069005e-001;3.783263e+000;2.128025e+002
1.209006e+001;9.194399e+001;4.033005e-001;3.748061e+000;2.127673e+002
1.215006e+001;9.086334e+001;4.000005e-001;3.718233e+000;2.127374e+002
1.219006e+001;8.980635e+001;3.979005e-001;3.698369e+000;2.127176e+002
1.227006e+001;8.858372e+001;3.937005e-001;3.657978e+000;2.126772e+002
1.231006e+001;8.747151e+001;3.916005e-001;3.638258e+000;2.126575e+002
1.241006e+001;8.640664e+001;3.862005e-001;3.588090e+000;2.126073e+002
1.247006e+001;8.534966e+001;3.832005e-001;3.558200e+000;2.125774e+002
1.252006e+001;8.419801e+001;3.805005e-001;3.533188e+000;2.125524e+002
1.259006e+001;8.303848e+001;3.769005e-001;3.498048e+000;2.125172e+002
1.265006e+001;8.192628e+001;3.736005e-001;3.468261e+000;2.124875e+002
1.275006e+001;8.076675e+001;3.682005e-001;3.418114e+000;2.124373e+002
1.283006e+001;7.976498e+001;3.643005e-001;3.378282e+000;2.123975e+002
1.290006e+001;7.867644e+001;3.604005e-001;3.342997e+000;2.123622e+002
1.296006e+001;7.765889e+001;3.571005e-001;3.312983e+000;2.123322e+002
1.301006e+001;7.663345e+001;3.547005e-001;3.288281e+000;2.123075e+002
1.309006e+001;7.554491e+001;3.505005e-001;3.248138e+000;2.122673e+002
1.315006e+001;7.441693e+001;3.472005e-001;3.218145e+000;2.122373e+002
1.323006e+001;7.311542e+001;3.433005e-001;3.178044e+000;2.121972e+002
1.327006e+001;7.195589e+001;3.412005e-001;3.158035e+000;2.121772e+002
1.333006e+001;7.086735e+001;3.379005e-001;3.128248e+000;2.121474e+002
1.339006e+001;6.973148e+001;3.346005e-001;3.098317e+000;2.121175e+002
1.348006e+001;6.856406e+001;3.301005e-001;3.053213e+000;2.120724e+002
1.354006e+001;6.749129e+001;3.268005e-001;3.023261e+000;2.120425e+002
1.360006e+001;6.625288e+001;3.238005e-001;2.993020e+000;2.120122e+002
1.369006e+001;6.499081e+001;3.190005e-001;2.948247e+000;2.119674e+002
1.378006e+001;6.380762e+001;3.142005e-001;2.903143e+000;2.119223e+002
1.386006e+001;6.271119e+001;3.100005e-001;2.863207e+000;2.118824e+002
1.393006e+001;6.167787e+001;3.064005e-001;2.828088e+000;2.118473e+002
1.400006e+001;6.064454e+001;3.028005e-001;2.793257e+000;2.118125e+002
1.408006e+001;5.959544e+001;2.986005e-001;2.753115e+000;2.117723e+002
1.418006e+001;5.856212e+001;2.935005e-001;2.703216e+000;2.117224e+002
1.425006e+001;5.739470e+001;2.896005e-001;2.667993e+000;2.116872e+002
1.433006e+001;5.631405e+001;2.854005e-001;2.628201e+000;2.116474e+002
1.438006e+001;5.528862e+001;2.830005e-001;2.603334e+000;2.116225e+002
1.448006e+001;5.420008e+001;2.776005e-001;2.553001e+000;2.115722e+002
1.453006e+001;5.319042e+001;2.752005e-001;2.528341e+000;2.115475e+002
1.458006e+001;5.214132e+001;2.725005e-001;2.503143e+000;2.115223e+002
1.465006e+001;5.101334e+001;2.689005e-001;2.467961e+000;2.114872e+002
1.472006e+001;4.999579e+001;2.653005e-001;2.433276e+000;2.114525e+002
1.479006e+001;4.891514e+001;2.614005e-001;2.398198e+000;2.114174e+002
1.487006e+001;4.782660e+001;2.575005e-001;2.358241e+000;2.113774e+002
1.495006e+001;4.664341e+001;2.530005e-001;2.318016e+000;2.113372e+002
1.504006e+001;4.543655e+001;2.485005e-001;2.273243e+000;2.112924e+002
1.513006e+001;4.433223e+001;2.437005e-001;2.228180e+000;2.112474e+002
1.521006e+001;4.321214e+001;2.395005e-001;2.188286e+000;2.112075e+002
1.526006e+001;4.217882e+001;2.368005e-001;2.163047e+000;2.111822e+002
1.534006e+001;4.108239e+001;2.329005e-001;2.123090e+000;2.111423e+002
1.543006e+001;4.006484e+001;2.281005e-001;2.078214e+000;2.110974e+002
1.551006e+001;3.897630e+001;2.239005e-001;2.038216e+000;2.110574e+002
1.561006e+001;3.796664e+001;2.185005e-001;1.987965e+000;2.110072e+002
1.567006e+001;3.693332e+001;2.155005e-001;1.957951e+000;2.109772e+002
1.574006e+001;3.586056e+001;2.119005e-001;1.923266e+000;2.109425e+002
1.581006e+001;3.469314e+001;2.083005e-001;1.888188e+000;2.109074e+002
1.587006e+001;3.345473e+001;2.050005e-001;1.858236e+000;2.108774e+002
1.594006e+001;3.239774e+001;2.014005e-001;1.823033e+000;2.108422e+002
1.598006e+001;3.128554e+001;1.993005e-001;1.803065e+000;2.108223e+002
1.608006e+001;3.014967e+001;1.942005e-001;1.753249e+000;2.107724e+002
1.614006e+001;2.913212e+001;1.909005e-001;1.723193e+000;2.107424e+002
1.622006e+001;2.805147e+001;1.867005e-001;1.683320e+000;2.107025e+002
1.630006e+001;2.686827e+001;1.825005e-001;1.643053e+000;2.106623e+002
1.638006e+001;2.586650e+001;1.783005e-001;1.603179e+000;2.106224e+002
1.644006e+001;2.484896e+001;1.753005e-001;1.573289e+000;2.105925e+002
1.651006e+001;2.377619e+001;1.717005e-001;1.538004e+000;2.105572e+002
1.661006e+001;2.270343e+001;1.663005e-001;1.488167e+000;2.105074e+002
1.667006e+001;2.161489e+001;1.633005e-001;1.457987e+000;2.104772e+002
1.675006e+001;2.050269e+001;1.591005e-001;1.418279e+000;2.104375e+002
1.681006e+001;1.987954e+001;1.558005e-001;1.388079e+000;2.104073e+002
1.684006e+001;1.974544e+001;1.543005e-001;1.373031e+000;2.103922e+002
1.685006e+001;1.979277e+001;1.537005e-001;1.368462e+000;2.103877e+002
1.686006e+001;1.984010e+001;1.534005e-001;1.365010e+000;2.103842e+002
1.704006e+001;2.152023e+001;1.522005e-001;1.358912e+000;2.103781e+002
1.711006e+001;2.257722e+001;1.522005e-001;1.359305e+000;2.103785e+002
1.716006e+001;2.372098e+001;1.528005e-001;1.373609e+000;2.103928e+002
1.719006e+001;2.480163e+001;1.540005e-001;1.388079e+000;2.104073e+002
1.721006e+001;2.582706e+001;1.549005e-001;1.397732e+000;2.104169e+002
1.724006e+001;2.712858e+001;1.561005e-001;1.412760e+000;2.104320e+002
1.728006e+001;2.820923e+001;1.579005e-001;1.432500e+000;2.104517e+002
1.732006e+001;2.949497e+001;1.597005e-001;1.452427e+000;2.104716e+002
1.735006e+001;3.068605e+001;1.609005e-001;1.467372e+000;2.104866e+002
1.738006e+001;3.168782e+001;1.621005e-001;1.482544e+000;2.105017e+002
1.741006e+001;3.282369e+001;1.636005e-001;1.497510e+000;2.105167e+002
1.745006e+001;3.414887e+001;1.651005e-001;1.517375e+000;2.105366e+002
1.748006e+001;3.544249e+001;1.666005e-001;1.532340e+000;2.105515e+002
1.751006e+001;3.658625e+001;1.681005e-001;1.547306e+000;2.105665e+002
1.756006e+001;3.784832e+001;1.705005e-001;1.572566e+000;2.105918e+002
1.760006e+001;3.890531e+001;1.723005e-001;1.592637e+000;2.106118e+002
1.765006e+001;4.022260e+001;1.747005e-001;1.617462e+000;2.106367e+002
1.770006e+001;4.133480e+001;1.768005e-001;1.642515e+000;2.106617e+002
1.773006e+001;4.240757e+001;1.783005e-001;1.657440e+000;2.106766e+002
1.778006e+001;4.362231e+001;1.810005e-001;1.682286e+000;2.107015e+002
1.783006e+001;4.471874e+001;1.834005e-001;1.707422e+000;2.107266e+002
1.787006e+001;4.578362e+001;1.852005e-001;1.727720e+000;2.107469e+002
1.791006e+001;4.696681e+001;1.873005e-001;1.747688e+000;2.107669e+002
1.795006e+001;4.814212e+001;1.891005e-001;1.767553e+000;2.107868e+002
1.802006e+001;4.928587e+001;1.927005e-001;1.802259e+000;2.108215e+002
1.806006e+001;5.041385e+001;1.948005e-001;1.822454e+000;2.108417e+002
1.811006e+001;5.160493e+001;1.975005e-001;1.847445e+000;2.108666e+002
1.815006e+001;5.267770e+001;1.993005e-001;1.867413e+000;2.108866e+002
1.820006e+001;5.396344e+001;2.020005e-001;1.892487e+000;2.109117e+002
1.824006e+001;5.502042e+001;2.041005e-001;1.912600e+000;2.109318e+002
1.828006e+001;5.603008e+001;2.062005e-001;1.932609e+000;2.109518e+002
1.835006e+001;5.717384e+001;2.098005e-001;1.967253e+000;2.109865e+002
1.840006e+001;5.831759e+001;2.122005e-001;1.992534e+000;2.110117e+002
1.846006e+001;5.946135e+001;2.155005e-001;2.022320e+000;2.110415e+002
1.854006e+001;6.054989e+001;2.197005e-001;2.062525e+000;2.110817e+002
1.859006e+001;6.170153e+001;2.224005e-001;2.087723e+000;2.111069e+002
1.865006e+001;6.277430e+001;2.254005e-001;2.117447e+000;2.111366e+002
1.869006e+001;6.388650e+001;2.275005e-001;2.137270e+000;2.111565e+002
1.876006e+001;6.508547e+001;2.311005e-001;2.172431e+000;2.111916e+002
1.882006e+001;6.609513e+001;2.344005e-001;2.202425e+000;2.112216e+002
1.886006e+001;6.717578e+001;2.365005e-001;2.222393e+000;2.112416e+002
1.892006e+001;6.820911e+001;2.395005e-001;2.252593e+000;2.112718e+002
1.898006e+001;6.921877e+001;2.428005e-001;2.282483e+000;2.113017e+002
1.903006e+001;7.039407e+001;2.452005e-001;2.307267e+000;2.113265e+002
1.910006e+001;7.163248e+001;2.488005e-001;2.342469e+000;2.113617e+002
1.915006e+001;7.264214e+001;2.515005e-001;2.367419e+000;2.113866e+002
1.920006e+001;7.389632e+001;2.539005e-001;2.392368e+000;2.114116e+002
1.926006e+001;7.495332e+001;2.572005e-001;2.422630e+000;2.114418e+002
1.933006e+001;7.608918e+001;2.608005e-001;2.457440e+000;2.114766e+002
1.938006e+001;7.722504e+001;2.635005e-001;2.482369e+000;2.115016e+002
1.945006e+001;7.828204e+001;2.671005e-001;2.517613e+000;2.115368e+002
1.954006e+001;7.945734e+001;2.716005e-001;2.562324e+000;2.115815e+002
1.961006e+001;8.056166e+001;2.755005e-001;2.597795e+000;2.116170e+002
1.969006e+001;8.177641e+001;2.797005e-001;2.637420e+000;2.116566e+002
1.977006e+001;8.280973e+001;2.836005e-001;2.677418e+000;2.116966e+002
1.984006e+001;8.397715e+001;2.875005e-001;2.712435e+000;2.117316e+002
1.991006e+001;8.521556e+001;2.911005e-001;2.747802e+000;2.117670e+002
1.998006e+001;8.628043e+001;2.947005e-001;2.782571e+000;2.118018e+002
2.006006e+001;8.729009e+001;2.989005e-001;2.822403e+000;2.118416e+002
2.013006e+001;8.830764e+001;3.025005e-001;2.857585e+000;2.118768e+002
2.021006e+001;8.930941e+001;3.067005e-001;2.897376e+000;2.119166e+002
2.026006e+001;9.042162e+001;3.094005e-001;2.922594e+000;2.119418e+002
2.032006e+001;9.168369e+001;3.127005e-001;2.952567e+000;2.119718e+002
2.039006e+001;9.281167e+001;3.163005e-001;2.987294e+000;2.120065e+002
2.048006e+001;9.385288e+001;3.208005e-001;3.032459e+000;2.120517e+002
2.053006e+001;9.493353e+001;3.235005e-001;3.057368e+000;2.120766e+002
2.059006e+001;9.615617e+001;3.268005e-001;3.087775e+000;2.121070e+002
2.067006e+001;9.721315e+001;3.310005e-001;3.127483e+000;2.121467e+002
2.074006e+001;9.827014e+001;3.346005e-001;3.162437e+000;2.121816e+002
2.085006e+001;9.946911e+001;3.403005e-001;3.217442e+000;2.122366e+002
2.093006e+001;1.005103e+002;3.445005e-001;3.257771e+000;2.122770e+002
2.104006e+001;1.017330e+002;3.505005e-001;3.312466e+000;2.123317e+002
2.114006e+001;1.027584e+002;3.556005e-001;3.362572e+000;2.123818e+002
2.121006e+001;1.038075e+002;3.595005e-001;3.397423e+000;2.124166e+002
2.128006e+001;1.049355e+002;3.631005e-001;3.432563e+000;2.124518e+002
2.136006e+001;1.060003e+002;3.673005e-001;3.472416e+000;2.124916e+002
2.143006e+001;1.071204e+002;3.709005e-001;3.507515e+000;2.125267e+002
2.153006e+001;1.082326e+002;3.763005e-001;3.557415e+000;2.125766e+002
2.161006e+001;1.092660e+002;3.805005e-001;3.597723e+000;2.126169e+002
2.167006e+001;1.104413e+002;3.838005e-001;3.627613e+000;2.126468e+002
2.175006e+001;1.114825e+002;3.877005e-001;3.667321e+000;2.126865e+002
2.181006e+001;1.125158e+002;3.910005e-001;3.697459e+000;2.127167e+002
2.189006e+001;1.135965e+002;3.955005e-001;3.737436e+000;2.127566e+002
2.195006e+001;1.146219e+002;3.985005e-001;3.767698e+000;2.127869e+002
2.200006e+001;1.156868e+002;4.012005e-001;3.792648e+000;2.128118e+002
2.206006e+001;1.167122e+002;4.042005e-001;3.822476e+000;2.128417e+002
2.216006e+001;1.177929e+002;4.096005e-001;3.872561e+000;2.128918e+002
2.225006e+001;1.188183e+002;4.144005e-001;3.917334e+000;2.129365e+002
2.233006e+001;1.199147e+002;4.186005e-001;3.957725e+000;2.129769e+002
2.247006e+001;1.209875e+002;4.261005e-001;4.027468e+000;2.130467e+002
2.254006e+001;1.221234e+002;4.297005e-001;4.062422e+000;2.130816e+002
2.262006e+001;1.231882e+002;4.342005e-001;4.102792e+000;2.131220e+002
2.271006e+001;1.242373e+002;4.387005e-001;4.147420e+000;2.131666e+002
2.281006e+001;1.253416e+002;4.444005e-001;4.197402e+000;2.132166e+002
2.290006e+001;1.264460e+002;4.489005e-001;4.242362e+000;2.132616e+002
2.299006e+001;1.275029e+002;4.537005e-001;4.287713e+000;2.133069e+002
2.308006e+001;1.285363e+002;4.585005e-001;4.332403e+000;2.133516e+002
2.320006e+001;1.296248e+002;4.648005e-001;4.392348e+000;2.134115e+002
2.328006e+001;1.307607e+002;4.693005e-001;4.432553e+000;2.134518e+002
2.335006e+001;1.317861e+002;4.729005e-001;4.467652e+000;2.134869e+002
2.341006e+001;1.328352e+002;4.762005e-001;4.497521e+000;2.135167e+002
2.350006e+001;1.338370e+002;4.810005e-001;4.542439e+000;2.135616e+002
2.358006e+001;1.351227e+002;4.852005e-001;4.582416e+000;2.136016e+002
2.367006e+001;1.362901e+002;4.897005e-001;4.627789e+000;2.136470e+002
2.379006e+001;1.374181e+002;4.963005e-001;4.687465e+000;2.137067e+002
2.385006e+001;1.380018e+002;4.996005e-001;4.717603e+000;2.137368e+002
2.388006e+001;1.381596e+002;5.011005e-001;4.732279e+000;2.137515e+002
2.409006e+001;1.363611e+002;5.032005e-001;4.747927e+000;2.137671e+002
2.413006e+001;1.352489e+002;5.032005e-001;4.744434e+000;2.137636e+002
2.416006e+001;1.341209e+002;5.023006e-001;4.733044e+000;2.137522e+002
2.419006e+001;1.328904e+002;5.014005e-001;4.718864e+000;2.137381e+002
2.422006e+001;1.318729e+002;5.002005e-001;4.704002e+000;2.137232e+002
2.426006e+001;1.305714e+002;4.984005e-001;4.683992e+000;2.137032e+002
2.430006e+001;1.292935e+002;4.966005e-001;4.664045e+000;2.136832e+002
2.434006e+001;1.282760e+002;4.948005e-001;4.644201e+000;2.136634e+002
2.438006e+001;1.271085e+002;4.930005e-001;4.624295e+000;2.136435e+002
2.443006e+001;1.259175e+002;4.909005e-001;4.599180e+000;2.136184e+002
2.448006e+001;1.247816e+002;4.885005e-001;4.574148e+000;2.135933e+002
2.452006e+001;1.235668e+002;4.867005e-001;4.554118e+000;2.135733e+002
2.456006e+001;1.223994e+002;4.849005e-001;4.534067e+000;2.135533e+002
2.461006e+001;1.213188e+002;4.822005e-001;4.509014e+000;2.135282e+002
2.465006e+001;1.202224e+002;4.804005e-001;4.489171e+000;2.135084e+002
2.471006e+001;1.190155e+002;4.774005e-001;4.459280e+000;2.134785e+002
2.477006e+001;1.179427e+002;4.744005e-001;4.429163e+000;2.134484e+002
2.481006e+001;1.169173e+002;4.726005e-001;4.409133e+000;2.134283e+002
2.486006e+001;1.156710e+002;4.699005e-001;4.384183e+000;2.134034e+002
2.489006e+001;1.145825e+002;4.684005e-001;4.369280e+000;2.133885e+002
2.493006e+001;1.135491e+002;4.663005e-001;4.348981e+000;2.133682e+002
2.497006e+001;1.124054e+002;4.642005e-001;4.328951e+000;2.133482e+002
2.501006e+001;1.111354e+002;4.624005e-001;4.309169e+000;2.133284e+002
2.506006e+001;1.098733e+002;4.597005e-001;4.284282e+000;2.133035e+002
2.511006e+001;1.088006e+002;4.573005e-001;4.259105e+000;2.132783e+002
2.517006e+001;1.076568e+002;4.540005e-001;4.229173e+000;2.132484e+002
2.523006e+001;1.064105e+002;4.507005e-001;4.199222e+000;2.132184e+002
2.527006e+001;1.053062e+002;4.486005e-001;4.179026e+000;2.131982e+002
2.532006e+001;1.042965e+002;4.462005e-001;4.154097e+000;2.131733e+002
2.537006e+001;1.032238e+002;4.435005e-001;4.129230e+000;2.131484e+002
2.542006e+001;1.022062e+002;4.408005e-001;4.103950e+000;2.131231e+002
2.548006e+001;1.011335e+002;4.378005e-001;4.074080e+000;2.130933e+002
2.554006e+001;1.001238e+002;4.348005e-001;4.044149e+000;2.130633e+002
2.561006e+001;9.900372e+001;4.309005e-001;4.008967e+000;2.130282e+002
2.568006e+001;9.782841e+001;4.270005e-001;3.974158e+000;2.129934e+002
2.572006e+001;9.675565e+001;4.249005e-001;3.954211e+000;2.129734e+002
2.580006e+001;9.565923e+001;4.210005e-001;3.913985e+000;2.129332e+002
2.585006e+001;9.451547e+001;4.180005e-001;3.889180e+000;2.129084e+002
2.590006e+001;9.344270e+001;4.156005e-001;3.864314e+000;2.128835e+002
2.595006e+001;9.226740e+001;4.129005e-001;3.839033e+000;2.128582e+002
2.600006e+001;9.106054e+001;4.102005e-001;3.814146e+000;2.128333e+002
2.606006e+001;8.999567e+001;4.072005e-001;3.784235e+000;2.128034e+002
2.613006e+001;8.863105e+001;4.036005e-001;3.749074e+000;2.127683e+002
2.620006e+001;8.761350e+001;4.000005e-001;3.714264e+000;2.127335e+002
2.626006e+001;8.642242e+001;3.967005e-001;3.683961e+000;2.127032e+002
2.632006e+001;8.539698e+001;3.934005e-001;3.653906e+000;2.126731e+002
2.638006e+001;8.431633e+001;3.904005e-001;3.624243e+000;2.126434e+002
2.644006e+001;8.329878e+001;3.871005e-001;3.593899e+000;2.126131e+002
2.651006e+001;8.213136e+001;3.835005e-001;3.559151e+000;2.125783e+002
2.659006e+001;8.098761e+001;3.793005e-001;3.519112e+000;2.125383e+002
2.665006e+001;7.989118e+001;3.760005e-001;3.488932e+000;2.125081e+002
2.673006e+001;7.880264e+001;3.718005e-001;3.449244e+000;2.124684e+002
2.681006e+001;7.776932e+001;3.676005e-001;3.409060e+000;2.124283e+002
2.686006e+001;7.669656e+001;3.652005e-001;3.384193e+000;2.124034e+002
2.692006e+001;7.565534e+001;3.619005e-001;3.354283e+000;2.123735e+002
2.699006e+001;7.459836e+001;3.583005e-001;3.318936e+000;2.123381e+002
2.704006e+001;7.348615e+001;3.556005e-001;3.294193e+000;2.123134e+002
2.709006e+001;7.239761e+001;3.529005e-001;3.269285e+000;2.122885e+002
2.715006e+001;7.131696e+001;3.499005e-001;3.239002e+000;2.122582e+002
2.722006e+001;7.021265e+001;3.460005e-001;3.204213e+000;2.122234e+002
2.727006e+001;6.907678e+001;3.436005e-001;3.179036e+000;2.121982e+002
2.734006e+001;6.807500e+001;3.397005e-001;3.143958e+000;2.121632e+002
2.742006e+001;6.698647e+001;3.358005e-001;3.104270e+000;2.121235e+002
2.748006e+001;6.593737e+001;3.325005e-001;3.074152e+000;2.120934e+002
2.756006e+001;6.476995e+001;3.283005e-001;3.034217e+000;2.120534e+002
2.762006e+001;6.369719e+001;3.250005e-001;3.003913e+000;2.120231e+002
2.769006e+001;6.256132e+001;3.214005e-001;2.969083e+000;2.119883e+002
2.776006e+001;6.145700e+001;3.181005e-001;2.934294e+000;2.119535e+002
2.784006e+001;6.036058e+001;3.136005e-001;2.893924e+000;2.119131e+002
2.793006e+001;5.924049e+001;3.091005e-001;2.849296e+000;2.118685e+002
2.801006e+001;5.815195e+001;3.049005e-001;2.808905e+000;2.118281e+002
2.809006e+001;5.698453e+001;3.007005e-001;2.769217e+000;2.117884e+002
2.816006e+001;5.595121e+001;2.968005e-001;2.734118e+000;2.117533e+002
2.822006e+001;5.494154e+001;2.938005e-001;2.704166e+000;2.117234e+002
2.829006e+001;5.379779e+001;2.902005e-001;2.668964e+000;2.116882e+002
2.835006e+001;5.261459e+001;2.869005e-001;2.638888e+000;2.116581e+002
2.842006e+001;5.147873e+001;2.836005e-001;2.604264e+000;2.116235e+002
2.851006e+001;5.037441e+001;2.788005e-001;2.558933e+000;2.115781e+002
2.857006e+001;4.932531e+001;2.758005e-001;2.529271e+000;2.115485e+002
2.863006e+001;4.826833e+001;2.725005e-001;2.498968e+000;2.115182e+002
2.870006e+001;4.725078e+001;2.689005e-001;2.463993e+000;2.114832e+002
2.876006e+001;4.622534e+001;2.659005e-001;2.434247e+000;2.114534e+002
2.885006e+001;4.512103e+001;2.611005e-001;2.388937e+000;2.114081e+002
2.893006e+001;4.403249e+001;2.569005e-001;2.349166e+000;2.113684e+002
2.899006e+001;4.289662e+001;2.536005e-001;2.319008e+000;2.113382e+002
2.907006e+001;4.189485e+001;2.494005e-001;2.279175e+000;2.112984e+002
2.914006e+001;4.087730e+001;2.458005e-001;2.244035e+000;2.112632e+002
2.923006e+001;3.967044e+001;2.413005e-001;2.199159e+000;2.112184e+002
2.932006e+001;3.857402e+001;2.365005e-001;2.153931e+000;2.111731e+002
2.940006e+001;3.741449e+001;2.326005e-001;2.114243e+000;2.111334e+002
2.946006e+001;3.632595e+001;2.293005e-001;2.084291e+000;2.111035e+002
2.955006e+001;3.528473e+001;2.245005e-001;2.039146e+000;2.110583e+002
2.961006e+001;3.420408e+001;2.215005e-001;2.009174e+000;2.110284e+002
2.967006e+001;3.297356e+001;2.182005e-001;1.978994e+000;2.109982e+002
2.974006e+001;3.171937e+001;2.146005e-001;1.944226e+000;2.109634e+002
2.980006e+001;3.068605e+001;2.116005e-001;1.914274e+000;2.109335e+002
2.989006e+001;2.954230e+001;2.068005e-001;1.869191e+000;2.108884e+002
2.995006e+001;2.845376e+001;2.038005e-001;1.839157e+000;2.108584e+002
3.002006e+001;2.742832e+001;2.002005e-001;1.804037e+000;2.108232e+002
3.008006e+001;2.626090e+001;1.969005e-001;1.774188e+000;2.107934e+002
3.017006e+001;2.521969e+001;1.924005e-001;1.728981e+000;2.107482e+002
3.025006e+001;2.414693e+001;1.882005e-001;1.689169e+000;2.107084e+002
3.032006e+001;2.314515e+001;1.843005e-001;1.654008e+000;2.106732e+002
3.038006e+001;2.210394e+001;1.813005e-001;1.623912e+000;2.106431e+002
3.045006e+001;2.107851e+001;1.774005e-001;1.589267e+000;2.106085e+002
3.055006e+001;1.991109e+001;1.723005e-001;1.538934e+000;2.105581e+002
3.056006e+001;1.974544e+001;1.720005e-001;1.534118e+000;2.105533e+002
3.059006e+001;1.947725e+001;1.702005e-001;1.519214e+000;2.105384e+002
3.060006e+001;1.957191e+001;1.699005e-001;1.514625e+000;2.105338e+002
3.061006e+001;1.967445e+001;1.693005e-001;1.510801e+000;2.105300e+002
3.078006e+001;2.102329e+001;1.684005e-001;1.503856e+000;2.105231e+002
3.088006e+001;2.232481e+001;1.681005e-001;1.503877e+000;2.105231e+002
3.093006e+001;2.336602e+001;1.684005e-001;1.514088e+000;2.105333e+002
3.097006e+001;2.477796e+001;1.699005e-001;1.532712e+000;2.105519e+002
3.100006e+001;2.601637e+001;1.711005e-001;1.547409e+000;2.105666e+002
3.103006e+001;2.720746e+001;1.726005e-001;1.562809e+000;2.105820e+002
3.106006e+001;2.843798e+001;1.738005e-001;1.577713e+000;2.105969e+002
3.110006e+001;2.963695e+001;1.753005e-001;1.597536e+000;2.106167e+002
3.113006e+001;3.065450e+001;1.768005e-001;1.612439e+000;2.106316e+002
3.116006e+001;3.171937e+001;1.780005e-001;1.627240e+000;2.106464e+002
3.120006e+001;3.308399e+001;1.798005e-001;1.647580e+000;2.106668e+002
3.123006e+001;3.421197e+001;1.813005e-001;1.662421e+000;2.106816e+002
3.126006e+001;3.524529e+001;1.825005e-001;1.677490e+000;2.106967e+002
3.129006e+001;3.647582e+001;1.840005e-001;1.692415e+000;2.107116e+002
3.133006e+001;3.770634e+001;1.858005e-001;1.712424e+000;2.107316e+002
3.138006e+001;3.879488e+001;1.882005e-001;1.737622e+000;2.107568e+002
3.141006e+001;3.980454e+001;1.894005e-001;1.752773e+000;2.107720e+002
3.145006e+001;4.088519e+001;1.915005e-001;1.772514e+000;2.107917e+002
3.151006e+001;4.195007e+001;1.942005e-001;1.802300e+000;2.108215e+002
3.154006e+001;4.307016e+001;1.960005e-001;1.817576e+000;2.108368e+002
3.160006e+001;4.422969e+001;1.987005e-001;1.847445e+000;2.108666e+002
3.164006e+001;4.537344e+001;2.008005e-001;1.867413e+000;2.108866e+002
3.167006e+001;4.647776e+001;2.023005e-001;1.882358e+000;2.109016e+002
3.172006e+001;4.766884e+001;2.047005e-001;1.907577e+000;2.109268e+002
3.177006e+001;4.883626e+001;2.074005e-001;1.932630e+000;2.109518e+002
3.183006e+001;5.005101e+001;2.104005e-001;1.962354e+000;2.109816e+002
3.188006e+001;5.121054e+001;2.128005e-001;1.987593e+000;2.110068e+002
3.193006e+001;5.233063e+001;2.155005e-001;2.012584e+000;2.110318e+002
3.199006e+001;5.373469e+001;2.185005e-001;2.042392e+000;2.110616e+002
3.203006e+001;5.487055e+001;2.206005e-001;2.062546e+000;2.110817e+002
3.208006e+001;5.615629e+001;2.230005e-001;2.087743e+000;2.111069e+002
3.212006e+001;5.716595e+001;2.251005e-001;2.107567e+000;2.111268e+002
3.218006e+001;5.825449e+001;2.284005e-001;2.137270e+000;2.111565e+002
3.224006e+001;5.927204e+001;2.314005e-001;2.167388e+000;2.111866e+002
3.230006e+001;6.029747e+001;2.344005e-001;2.197464e+000;2.112167e+002
3.235006e+001;6.135446e+001;2.371005e-001;2.222372e+000;2.112416e+002
3.241006e+001;6.250610e+001;2.401005e-001;2.252613e+000;2.112718e+002
3.247006e+001;6.354731e+001;2.434005e-001;2.282483e+000;2.113017e+002
3.252006e+001;6.461219e+001;2.458005e-001;2.307287e+000;2.113265e+002
3.258006e+001;6.570862e+001;2.488005e-001;2.337446e+000;2.113566e+002
3.265006e+001;6.683659e+001;2.527005e-001;2.372442e+000;2.113916e+002
3.270006e+001;6.795669e+001;2.551005e-001;2.397391e+000;2.114166e+002
3.275006e+001;6.900579e+001;2.578005e-001;2.422651e+000;2.114418e+002
3.281006e+001;7.001545e+001;2.608005e-001;2.452458e+000;2.114717e+002
3.286006e+001;7.106454e+001;2.635005e-001;2.477284e+000;2.114965e+002
3.293006e+001;7.231084e+001;2.671005e-001;2.512486e+000;2.115317e+002
3.298006e+001;7.331261e+001;2.698005e-001;2.537477e+000;2.115567e+002
3.303006e+001;7.449581e+001;2.722005e-001;2.562365e+000;2.115816e+002
3.308006e+001;7.557646e+001;2.749005e-001;2.587583e+000;2.116068e+002
3.313006e+001;7.662556e+001;2.776005e-001;2.612616e+000;2.116318e+002
3.318006e+001;7.765100e+001;2.803005e-001;2.637462e+000;2.116567e+002
3.325006e+001;7.870010e+001;2.839005e-001;2.672478e+000;2.116917e+002
3.333006e+001;7.975709e+001;2.881005e-001;2.712414e+000;2.117316e+002
3.340006e+001;8.080618e+001;2.917005e-001;2.747802e+000;2.117670e+002
3.348006e+001;8.182373e+001;2.959005e-001;2.787532e+000;2.118067e+002
3.354006e+001;8.287283e+001;2.989005e-001;2.817297e+000;2.118365e+002
3.360006e+001;8.387460e+001;3.019005e-001;2.847435e+000;2.118666e+002
3.369006e+001;8.505780e+001;3.067005e-001;2.892477e+000;2.119117e+002
3.374006e+001;8.628832e+001;3.094005e-001;2.917778e+000;2.119370e+002
3.382006e+001;8.735320e+001;3.136005e-001;2.957487e+000;2.119767e+002
3.390006e+001;8.835497e+001;3.178005e-001;2.997567e+000;2.120168e+002
3.396006e+001;8.941985e+001;3.208005e-001;3.027623e+000;2.120468e+002
3.403006e+001;9.051627e+001;3.247005e-001;3.062494e+000;2.120817e+002
3.410006e+001;9.172313e+001;3.283005e-001;3.097573e+000;2.121168e+002
3.414006e+001;9.278800e+001;3.304005e-001;3.117603e+000;2.121368e+002
3.423006e+001;9.393176e+001;3.349005e-001;3.162437e+000;2.121816e+002
3.430006e+001;9.515440e+001;3.388005e-001;3.197619e+000;2.122168e+002
3.440006e+001;9.626659e+001;3.439005e-001;3.247498e+000;2.122667e+002
3.444006e+001;9.737091e+001;3.460005e-001;3.267590e+000;2.122868e+002
3.453006e+001;9.858566e+001;3.508005e-001;3.312487e+000;2.123317e+002
3.462006e+001;9.963476e+001;3.556005e-001;3.357445e+000;2.123766e+002
3.473006e+001;1.008653e+002;3.613005e-001;3.412409e+000;2.124316e+002
3.481006e+001;1.019538e+002;3.655005e-001;3.452655e+000;2.124719e+002
3.488006e+001;1.030660e+002;3.691005e-001;3.487341e+000;2.125065e+002
3.498006e+001;1.041151e+002;3.745005e-001;3.537571e+000;2.125568e+002
3.504006e+001;1.052352e+002;3.778005e-001;3.567440e+000;2.125866e+002
3.512006e+001;1.064263e+002;3.817005e-001;3.607665e+000;2.126269e+002
3.519006e+001;1.074360e+002;3.856005e-001;3.642413e+000;2.126616e+002
3.528006e+001;1.085008e+002;3.904005e-001;3.687496e+000;2.127067e+002
3.536006e+001;1.096446e+002;3.946005e-001;3.727432e+000;2.127466e+002
3.546006e+001;1.107726e+002;4.000005e-001;3.777662e+000;2.127969e+002
3.551006e+001;1.120820e+002;4.027005e-001;3.802549e+000;2.128217e+002
3.558006e+001;1.132888e+002;4.060005e-001;3.837379e+000;2.128566e+002
3.568006e+001;1.145903e+002;4.114005e-001;3.887424e+000;2.129066e+002
3.575006e+001;1.156158e+002;4.153005e-001;3.922419e+000;2.129416e+002
3.580006e+001;1.166333e+002;4.177005e-001;3.947700e+000;2.129669e+002
3.586006e+001;1.177219e+002;4.210005e-001;3.977424e+000;2.129966e+002
3.596006e+001;1.188656e+002;4.264005e-001;4.027489e+000;2.130467e+002
3.606006e+001;1.199068e+002;4.318005e-001;4.077491e+000;2.130967e+002
3.614006e+001;1.209717e+002;4.360005e-001;4.117696e+000;2.131369e+002
3.626006e+001;1.221076e+002;4.423005e-001;4.177393e+000;2.131966e+002
3.636006e+001;1.233065e+002;4.477005e-001;4.227417e+000;2.132466e+002
3.645006e+001;1.243320e+002;4.525005e-001;4.272810e+000;2.132920e+002
3.652006e+001;1.254363e+002;4.561005e-001;4.307598e+000;2.133268e+002
3.660006e+001;1.265643e+002;4.606005e-001;4.347431e+000;2.133666e+002
3.668006e+001;1.276134e+002;4.645005e-001;4.387429e+000;2.134066e+002
3.678006e+001;1.286309e+002;4.699005e-001;4.437783e+000;2.134570e+002
3.685006e+001;1.297431e+002;4.738005e-001;4.472592e+000;2.134918e+002
3.694006e+001;1.307843e+002;4.783005e-001;4.517448e+000;2.135366e+002
3.703006e+001;1.318413e+002;4.831005e-001;4.562345e+000;2.135815e+002
3.710006e+001;1.328589e+002;4.870005e-001;4.597341e+000;2.136165e+002
3.718006e+001;1.339080e+002;4.912005e-001;4.637690e+000;2.136569e+002
3.723006e+001;1.349650e+002;4.939005e-001;4.662495e+000;2.136817e+002
3.730006e+001;1.359825e+002;4.978005e-001;4.697594e+000;2.137168e+002
3.734006e+001;1.358642e+002;4.996005e-001;4.717624e+000;2.137368e+002
3.737006e+001;1.362270e+002;5.011005e-001;4.732217e+000;2.137514e+002
3.754006e+001;1.347520e+002;5.035005e-001;4.748506e+000;2.137677e+002
3.761006e+001;1.337108e+002;5.035005e-001;4.748341e+000;2.137675e+002
3.766006e+001;1.326380e+002;5.029005e-001;4.734656e+000;2.137539e+002
3.770006e+001;1.314233e+002;5.014005e-001;4.715805e+000;2.137350e+002
3.773006e+001;1.301533e+002;5.002005e-001;4.700653e+000;2.137199e+002
3.776006e+001;1.288991e+002;4.990005e-001;4.685708e+000;2.137049e+002
3.780006e+001;1.278027e+002;4.972005e-001;4.665699e+000;2.136849e+002
3.784006e+001;1.267141e+002;4.954005e-001;4.645896e+000;2.136651e+002
3.788006e+001;1.254363e+002;4.936005e-001;4.626011e+000;2.136452e+002
3.793006e+001;1.244187e+002;4.912005e-001;4.600854e+000;2.136201e+002
3.797006e+001;1.234091e+002;4.894005e-001;4.580866e+000;2.136001e+002
3.801006e+001;1.223363e+002;4.876005e-001;4.561001e+000;2.135802e+002
3.805006e+001;1.211768e+002;4.858005e-001;4.541033e+000;2.135602e+002
3.811006e+001;1.199857e+002;4.828005e-001;4.510709e+000;2.135299e+002
3.816006e+001;1.188893e+002;4.804005e-001;4.485946e+000;2.135051e+002
3.820006e+001;1.176745e+002;4.783005e-001;4.465978e+000;2.134852e+002
3.825006e+001;1.165939e+002;4.759005e-001;4.440677e+000;2.134599e+002
3.830006e+001;1.154186e+002;4.732005e-001;4.415645e+000;2.134348e+002
3.834006e+001;1.142117e+002;4.714005e-001;4.395925e+000;2.134151e+002
3.837006e+001;1.132021e+002;4.699005e-001;4.380876e+000;2.134001e+002
3.841006e+001;1.121845e+002;4.678005e-001;4.360702e+000;2.133799e+002
3.844006e+001;1.111512e+002;4.663005e-001;4.345736e+000;2.133649e+002
3.848006e+001;1.100784e+002;4.642005e-001;4.325768e+000;2.133450e+002
3.852006e+001;1.090767e+002;4.621005e-001;4.305903e+000;2.133251e+002
3.857006e+001;1.080670e+002;4.597005e-001;4.280891e+000;2.133001e+002
3.862006e+001;1.070573e+002;4.570005e-001;4.255756e+000;2.132750e+002
3.868006e+001;1.059057e+002;4.537005e-001;4.225969e+000;2.132452e+002
3.872006e+001;1.048881e+002;4.519005e-001;4.206022e+000;2.132252e+002
3.876006e+001;1.038706e+002;4.498005e-001;4.185682e+000;2.132049e+002
3.881006e+001;1.026874e+002;4.471005e-001;4.160629e+000;2.131798e+002
3.887006e+001;1.016699e+002;4.441005e-001;4.130925e+000;2.131501e+002
3.893006e+001;1.004630e+002;4.408005e-001;4.100643e+000;2.131198e+002
3.900006e+001;9.941389e+001;4.372005e-001;4.065833e+000;2.130850e+002
3.908006e+001;9.818337e+001;4.330005e-001;4.025794e+000;2.130450e+002
3.914006e+001;9.706328e+001;4.297005e-001;3.995635e+000;2.130148e+002
3.919006e+001;9.597474e+001;4.270005e-001;3.970871e+000;2.129901e+002
3.923006e+001;9.492564e+001;4.252005e-001;3.950965e+000;2.129702e+002
3.928006e+001;9.392387e+001;4.222005e-001;3.925768e+000;2.129450e+002
3.934006e+001;9.282745e+001;4.192005e-001;3.895878e+000;2.129151e+002
3.939006e+001;9.168369e+001;4.165005e-001;3.870887e+000;2.128901e+002
3.945006e+001;9.051627e+001;4.132005e-001;3.840708e+000;2.128599e+002
3.950006e+001;8.941985e+001;4.108005e-001;3.815820e+000;2.128350e+002
3.955006e+001;8.841807e+001;4.081005e-001;3.790932e+000;2.128101e+002
3.962006e+001;8.741630e+001;4.042005e-001;3.755854e+000;2.127751e+002
3.967006e+001;8.639875e+001;4.018005e-001;3.730842e+000;2.127500e+002
3.974006e+001;8.538909e+001;3.982005e-001;3.696074e+000;2.127153e+002
3.979006e+001;8.427689e+001;3.952005e-001;3.670711e+000;2.126899e+002
3.986006e+001;8.314102e+001;3.916005e-001;3.635881e+000;2.126551e+002
3.993006e+001;8.206037e+001;3.880005e-001;3.600802e+000;2.126200e+002
3.999006e+001;8.105071e+001;3.850005e-001;3.570602e+000;2.125898e+002
4.005006e+001;8.003316e+001;3.814005e-001;3.540899e+000;2.125601e+002
4.013006e+001;7.884208e+001;3.775005e-001;3.500715e+000;2.125199e+002
4.020006e+001;7.781664e+001;3.739005e-001;3.465864e+000;2.124851e+002
4.025006e+001;7.679121e+001;3.712005e-001;3.440976e+000;2.124602e+002
4.033006e+001;7.574211e+001;3.670005e-001;3.400647e+000;2.124198e+002
4.039006e+001;7.466935e+001;3.637005e-001;3.370882e+000;2.123901e+002
4.044006e+001;7.358870e+001;3.613005e-001;3.345725e+000;2.123649e+002
4.048006e+001;7.257903e+001;3.592005e-001;3.325716e+000;2.123449e+002
4.053006e+001;7.141950e+001;3.565005e-001;3.300932e+000;2.123201e+002
4.058006e+001;7.029942e+001;3.538005e-001;3.276003e+000;2.122952e+002
4.066006e+001;6.920299e+001;3.496005e-001;3.235633e+000;2.122548e+002
4.074006e+001;6.806712e+001;3.454005e-001;3.195862e+000;2.122151e+002
4.079006e+001;6.702591e+001;3.427005e-001;3.170706e+000;2.121899e+002
4.088006e+001;6.592948e+001;3.382005e-001;3.125871e+000;2.121451e+002
4.094006e+001;6.478573e+001;3.349005e-001;3.095940e+000;2.121151e+002
4.101006e+001;6.375240e+001;3.313005e-001;3.060655e+000;2.120799e+002
4.108006e+001;6.270330e+001;3.277005e-001;3.025866e+000;2.120451e+002
4.113006e+001;6.166998e+001;3.250005e-001;3.000668e+000;2.120199e+002
4.119006e+001;6.047101e+001;3.220005e-001;2.970737e+000;2.119899e+002
4.129006e+001;5.938247e+001;3.166005e-001;2.920713e+000;2.119399e+002
4.137006e+001;5.830182e+001;3.124005e-001;2.880860e+000;2.119001e+002
4.146006e+001;5.727638e+001;3.079005e-001;2.835653e+000;2.118549e+002
4.152006e+001;5.610107e+001;3.046005e-001;2.805639e+000;2.118248e+002
4.158006e+001;5.494943e+001;3.016005e-001;2.775935e+000;2.117951e+002
4.165006e+001;5.387667e+001;2.977005e-001;2.740816e+000;2.117600e+002
4.172006e+001;5.274869e+001;2.944005e-001;2.705882e+000;2.117251e+002
4.179006e+001;5.160493e+001;2.908005e-001;2.670742e+000;2.116899e+002
4.184006e+001;5.057950e+001;2.881005e-001;2.645689e+000;2.116649e+002
4.191006e+001;4.957773e+001;2.845005e-001;2.610920e+000;2.116301e+002
4.197006e+001;4.852863e+001;2.812005e-001;2.580658e+000;2.115999e+002
4.206006e+001;4.737699e+001;2.767005e-001;2.535886e+000;2.115551e+002
4.215006e+001;4.632788e+001;2.719005e-001;2.490761e+000;2.115100e+002
4.220006e+001;4.523935e+001;2.692005e-001;2.465667e+000;2.114849e+002
4.226006e+001;4.420602e+001;2.662005e-001;2.435942e+000;2.114551e+002
4.232006e+001;4.315693e+001;2.632005e-001;2.405701e+000;2.114249e+002
4.241006e+001;4.202895e+001;2.584005e-001;2.360949e+000;2.113801e+002
4.248006e+001;4.101140e+001;2.545005e-001;2.325664e+000;2.113449e+002
4.256006e+001;3.993074e+001;2.506005e-001;2.285935e+000;2.113051e+002
4.263006e+001;3.887376e+001;2.467005e-001;2.250960e+000;2.112702e+002
4.273006e+001;3.780888e+001;2.416005e-001;2.200854e+000;2.112201e+002
4.281006e+001;3.671246e+001;2.374005e-001;2.160670e+000;2.111799e+002
4.288006e+001;3.548982e+001;2.338005e-001;2.125715e+000;2.111449e+002
4.294006e+001;3.444861e+001;2.308005e-001;2.095949e+000;2.111151e+002
4.299006e+001;3.330486e+001;2.281005e-001;2.070648e+000;2.110898e+002
4.306006e+001;3.217688e+001;2.245005e-001;2.035860e+000;2.110551e+002
4.313006e+001;3.095424e+001;2.209005e-001;2.001050e+000;2.110202e+002
4.318006e+001;2.980260e+001;2.182005e-001;1.975666e+000;2.109949e+002
4.326006e+001;2.879294e+001;2.140005e-001;1.935896e+000;2.109551e+002
4.334006e+001;2.762552e+001;2.098005e-001;1.895712e+000;2.109149e+002
4.342006e+001;2.660008e+001;2.056005e-001;1.855920e+000;2.108751e+002
4.351006e+001;2.535378e+001;2.011005e-001;1.810714e+000;2.108299e+002
4.358006e+001;2.413115e+001;1.975005e-001;1.775904e+000;2.107951e+002
4.366006e+001;2.307416e+001;1.933005e-001;1.735741e+000;2.107549e+002
4.375006e+001;2.173321e+001;1.885005e-001;1.690885e+000;2.107101e+002
4.382006e+001;2.054213e+001;1.849005e-001;1.655786e+000;2.106750e+002
4.388006e+001;1.993475e+001;1.819005e-001;1.625627e+000;2.106448e+002
4.391006e+001;1.988742e+001;1.804005e-001;1.610951e+000;2.106301e+002
4.392006e+001;1.986376e+001;1.798005e-001;1.606445e+000;2.106256e+002
4.393006e+001;1.979277e+001;1.795005e-001;1.602745e+000;2.106219e+002
4.411006e+001;2.154390e+001;1.783005e-001;1.596606e+000;2.106158e+002
4.423006e+001;2.267977e+001;1.783005e-001;1.597494e+000;2.106167e+002
4.427006e+001;2.409171e+001;1.786005e-001;1.609483e+000;2.106287e+002
4.430006e+001;2.509348e+001;1.801005e-001;1.623436e+000;2.106426e+002
4.433006e+001;2.613469e+001;1.810005e-001;1.638216e+000;2.106574e+002
4.437006e+001;2.731000e+001;1.828005e-001;1.658122e+000;2.106773e+002
4.441006e+001;2.866673e+001;1.846005e-001;1.678131e+000;2.106973e+002
4.444006e+001;3.007868e+001;1.858005e-001;1.693117e+000;2.107123e+002
4.448006e+001;3.133286e+001;1.876005e-001;1.713085e+000;2.107323e+002
4.451006e+001;3.250028e+001;1.888005e-001;1.728423e+000;2.107476e+002
4.454006e+001;3.390434e+001;1.900005e-001;1.743265e+000;2.107625e+002
4.458006e+001;3.512698e+001;1.921005e-001;1.763253e+000;2.107825e+002
4.462006e+001;3.643638e+001;1.939005e-001;1.783159e+000;2.108024e+002
4.467006e+001;3.761957e+001;1.963005e-001;1.808130e+000;2.108273e+002
4.471006e+001;3.891320e+001;1.981005e-001;1.828098e+000;2.108473e+002
4.476006e+001;3.996230e+001;2.002005e-001;1.853047e+000;2.108722e+002
4.481006e+001;4.120860e+001;2.029005e-001;1.878121e+000;2.108973e+002
4.485006e+001;4.236024e+001;2.047005e-001;1.898440e+000;2.109176e+002
4.489006e+001;4.337779e+001;2.068005e-001;1.918470e+000;2.109377e+002
4.493006e+001;4.444266e+001;2.086005e-001;1.938252e+000;2.109575e+002
4.497006e+001;4.555487e+001;2.107005e-001;1.958158e+000;2.109774e+002
4.501006e+001;4.661974e+001;2.125005e-001;1.978147e+000;2.109973e+002
4.506006e+001;4.768462e+001;2.152005e-001;2.003158e+000;2.110224e+002
4.511006e+001;4.892303e+001;2.176005e-001;2.028108e+000;2.110473e+002
4.516006e+001;5.001157e+001;2.203005e-001;2.053078e+000;2.110723e+002
4.520006e+001;5.108433e+001;2.224005e-001;2.073439e+000;2.110926e+002
4.524006e+001;5.216498e+001;2.242005e-001;2.093428e+000;2.111126e+002
4.530006e+001;5.341917e+001;2.272005e-001;2.123194e+000;2.111424e+002
4.534006e+001;5.456292e+001;2.293005e-001;2.143058e+000;2.111623e+002
4.539006e+001;5.581711e+001;2.320005e-001;2.168070e+000;2.111873e+002
4.545006e+001;5.681888e+001;2.350005e-001;2.198125e+000;2.112173e+002
4.551006e+001;5.791531e+001;2.380005e-001;2.228056e+000;2.112473e+002
4.555006e+001;5.899596e+001;2.401005e-001;2.248272e+000;2.112675e+002
4.563006e+001;6.026592e+001;2.443005e-001;2.288105e+000;2.113073e+002
4.567006e+001;6.137024e+001;2.464005e-001;2.307949e+000;2.113271e+002
4.573006e+001;6.237990e+001;2.494005e-001;2.338128e+000;2.113573e+002
4.580006e+001;6.349999e+001;2.530005e-001;2.373103e+000;2.113923e+002
4.586006e+001;6.450176e+001;2.563005e-001;2.403365e+000;2.114226e+002
4.591006e+001;6.565340e+001;2.587005e-001;2.428460e+000;2.114477e+002
4.595006e+001;6.667884e+001;2.608005e-001;2.448200e+000;2.114674e+002
4.602006e+001;6.780682e+001;2.644005e-001;2.483072e+000;2.115023e+002
4.608006e+001;6.888747e+001;2.677005e-001;2.513189e+000;2.115324e+002
4.614006e+001;7.000756e+001;2.707005e-001;2.543100e+000;2.115623e+002
4.618006e+001;7.103300e+001;2.728005e-001;2.563026e+000;2.115822e+002
4.624006e+001;7.212154e+001;2.758005e-001;2.593392e+000;2.116126e+002
4.630006e+001;7.332050e+001;2.791005e-001;2.623096e+000;2.116423e+002
4.633006e+001;7.432227e+001;2.806005e-001;2.638103e+000;2.116573e+002
4.640006e+001;7.541081e+001;2.842005e-001;2.673160e+000;2.116924e+002
4.644006e+001;7.648358e+001;2.863005e-001;2.693190e+000;2.117124e+002
4.650006e+001;7.750113e+001;2.893005e-001;2.723163e+000;2.117424e+002
4.656006e+001;7.858967e+001;2.926005e-001;2.753321e+000;2.117725e+002
4.664006e+001;7.959933e+001;2.965005e-001;2.793113e+000;2.118123e+002
4.671006e+001;8.061687e+001;3.004005e-001;2.828232e+000;2.118474e+002
4.679006e+001;8.163442e+001;3.046005e-001;2.868065e+000;2.118873e+002
4.687006e+001;8.291227e+001;3.088005e-001;2.908208e+000;2.119274e+002
4.693006e+001;8.391404e+001;3.118005e-001;2.938490e+000;2.119577e+002
4.701006e+001;8.499470e+001;3.160005e-001;2.978054e+000;2.119973e+002
4.707006e+001;8.602013e+001;3.190005e-001;3.008254e+000;2.120275e+002
4.714006e+001;8.722699e+001;3.226005e-001;3.043105e+000;2.120623e+002
4.722006e+001;8.826820e+001;3.271005e-001;3.083475e+000;2.121027e+002
4.727006e+001;8.937251e+001;3.295005e-001;3.108466e+000;2.121277e+002
4.735006e+001;9.057149e+001;3.337005e-001;3.148051e+000;2.121672e+002
4.741006e+001;9.166003e+001;3.370005e-001;3.178209e+000;2.121974e+002
4.749006e+001;9.291422e+001;3.412005e-001;3.218145e+000;2.122373e+002
4.756006e+001;9.393176e+001;3.448005e-001;3.253451e+000;2.122726e+002
4.761006e+001;9.496508e+001;3.475005e-001;3.278462e+000;2.122977e+002
4.768006e+001;9.620349e+001;3.511005e-001;3.313148e+000;2.123323e+002
4.777006e+001;9.727626e+001;3.559005e-001;3.358169e+000;2.123774e+002
4.783006e+001;9.827803e+001;3.589005e-001;3.388100e+000;2.124073e+002
4.792006e+001;9.935868e+001;3.637005e-001;3.433266e+000;2.124525e+002
4.800006e+001;1.005498e+002;3.679005e-001;3.473099e+000;2.124923e+002
4.810006e+001;1.016462e+002;3.733005e-001;3.523101e+000;2.125423e+002
4.819006e+001;1.027505e+002;3.781005e-001;3.568143e+000;2.125873e+002
4.827006e+001;1.039968e+002;3.820005e-001;3.608368e+000;2.126276e+002
4.834006e+001;1.050380e+002;3.859005e-001;3.643095e+000;2.126623e+002
4.840006e+001;1.060556e+002;3.889005e-001;3.673192e+000;2.126924e+002
4.847006e+001;1.071047e+002;3.928005e-001;3.708229e+000;2.127274e+002
4.857006e+001;1.082642e+002;3.982005e-001;3.758396e+000;2.127776e+002
4.864006e+001;1.093527e+002;4.018005e-001;3.793330e+000;2.128125e+002
4.871006e+001;1.103703e+002;4.054005e-001;3.828016e+000;2.128472e+002
4.878006e+001;1.115061e+002;4.090005e-001;3.863094e+000;2.128823e+002
4.885006e+001;1.126026e+002;4.129005e-001;3.898110e+000;2.129173e+002
4.892006e+001;1.139041e+002;4.165005e-001;3.933457e+000;2.129527e+002
4.897006e+001;1.150084e+002;4.192005e-001;3.958407e+000;2.129776e+002
4.905006e+001;1.160181e+002;4.234005e-001;3.997929e+000;2.130171e+002
4.910006e+001;1.170593e+002;4.261005e-001;4.023251e+000;2.130424e+002
4.920006e+001;1.181163e+002;4.315005e-001;4.073068e+000;2.130923e+002
4.928006e+001;1.192206e+002;4.357005e-001;4.113293e+000;2.131325e+002
4.937006e+001;1.202539e+002;4.405005e-001;4.158190e+000;2.131774e+002
4.945006e+001;1.212714e+002;4.447005e-001;4.198084e+000;2.132173e+002
4.954006e+001;1.225177e+002;4.495005e-001;4.243064e+000;2.132623e+002
4.962006e+001;1.235984e+002;4.537005e-001;4.283269e+000;2.133025e+002
4.974006e+001;1.247185e+002;4.600005e-001;4.342987e+000;2.133622e+002
4.980006e+001;1.257676e+002;4.633005e-001;4.373166e+000;2.133924e+002
4.989006e+001;1.269192e+002;4.681005e-001;4.418146e+000;2.134373e+002
4.998006e+001;1.280157e+002;4.729005e-001;4.463456e+000;2.134827e+002
5.006006e+001;1.290332e+002;4.771005e-001;4.503040e+000;2.135222e+002
5.015006e+001;1.301533e+002;4.819005e-001;4.548289e+000;2.135675e+002
5.023006e+001;1.313444e+002;4.861005e-001;4.588163e+000;2.136074e+002
5.033006e+001;1.324093e+002;4.915005e-001;4.638372e+000;2.136576e+002
5.037006e+001;1.334505e+002;4.936005e-001;4.658113e+000;2.136773e+002
5.047006e+001;1.344759e+002;4.990005e-001;4.708095e+000;2.137273e+002
5.048006e+001;1.347599e+002;4.993005e-001;4.713180e+000;2.137324e+002
5.051006e+001;1.347441e+002;5.011005e-001;4.728021e+000;2.137472e+002
5.066006e+001;1.334189e+002;5.032005e-001;4.743607e+000;2.137628e+002
5.074006e+001;1.322199e+002;5.032005e-001;4.737840e+000;2.137570e+002
5.078006e+001;1.309342e+002;5.017005e-001;4.720311e+000;2.137395e+002
5.082006e+001;1.295144e+002;5.002005e-001;4.700612e+000;2.137198e+002
5.085006e+001;1.284495e+002;4.990005e-001;4.685729e+000;2.137049e+002
5.090006e+001;1.270612e+002;4.969005e-001;4.660882e+000;2.136801e+002
5.093006e+001;1.258780e+002;4.954005e-001;4.645917e+000;2.136651e+002
5.098006e+001;1.247737e+002;4.933005e-001;4.620988e+000;2.136402e+002
5.102006e+001;1.235747e+002;4.915005e-001;4.600916e+000;2.136201e+002
5.106006e+001;1.224231e+002;4.894005e-001;4.580907e+000;2.136001e+002
5.111006e+001;1.212399e+002;4.873005e-001;4.555916e+000;2.135751e+002
5.116006e+001;1.202224e+002;4.849005e-001;4.530719e+000;2.135499e+002
5.120006e+001;1.191180e+002;4.828005e-001;4.510709e+000;2.135299e+002
5.126006e+001;1.179269e+002;4.801005e-001;4.480861e+000;2.135001e+002
5.130006e+001;1.167674e+002;4.780005e-001;4.460955e+000;2.134802e+002
5.134006e+001;1.156158e+002;4.759005e-001;4.440677e+000;2.134599e+002
5.138006e+001;1.143064e+002;4.741005e-001;4.420688e+000;2.134399e+002
5.142006e+001;1.131232e+002;4.720005e-001;4.400927e+000;2.134201e+002
5.147006e+001;1.120346e+002;4.693005e-001;4.376039e+000;2.133952e+002
5.150006e+001;1.109619e+002;4.678005e-001;4.360743e+000;2.133799e+002
5.154006e+001;1.096919e+002;4.657005e-001;4.340734e+000;2.133599e+002
5.159006e+001;1.085955e+002;4.633005e-001;4.315949e+000;2.133351e+002
5.165006e+001;1.075622e+002;4.603005e-001;4.286018e+000;2.133052e+002
5.170006e+001;1.063947e+002;4.576005e-001;4.260903e+000;2.132801e+002
5.174006e+001;1.053141e+002;4.555005e-001;4.240894e+000;2.132601e+002
5.180006e+001;1.040599e+002;4.525005e-001;4.210900e+000;2.132301e+002
5.186006e+001;1.028136e+002;4.492005e-001;4.180762e+000;2.132000e+002
5.192006e+001;1.016935e+002;4.462005e-001;4.150935e+000;2.131701e+002
5.197006e+001;1.006050e+002;4.435005e-001;4.125964e+000;2.131452e+002
5.203006e+001;9.946122e+001;4.402005e-001;4.095826e+000;2.131150e+002
5.212006e+001;9.835691e+001;4.357005e-001;4.050991e+000;2.130702e+002
5.218006e+001;9.724471e+001;4.324005e-001;4.020688e+000;2.130399e+002
5.222006e+001;9.616405e+001;4.303005e-001;4.000700e+000;2.130199e+002
5.227006e+001;9.509917e+001;4.279005e-001;3.975956e+000;2.129952e+002
5.231006e+001;9.397120e+001;4.255005e-001;3.955968e+000;2.129752e+002
5.236006e+001;9.295365e+001;4.231005e-001;3.930667e+000;2.129499e+002
5.242006e+001;9.185722e+001;4.198005e-001;3.900922e+000;2.129201e+002
5.247006e+001;9.084756e+001;4.171005e-001;3.875889e+000;2.128951e+002
5.252006e+001;8.976691e+001;4.144005e-001;3.850712e+000;2.128699e+002
5.259006e+001;8.861527e+001;4.108005e-001;3.815840e+000;2.128350e+002
5.264006e+001;8.746363e+001;4.081005e-001;3.790974e+000;2.128102e+002
5.270006e+001;8.632776e+001;4.051005e-001;3.760712e+000;2.127799e+002
5.276006e+001;8.510513e+001;4.018005e-001;3.730863e+000;2.127501e+002
5.284006e+001;8.406391e+001;3.976005e-001;3.690989e+000;2.127102e+002
5.290006e+001;8.296748e+001;3.943005e-001;3.660707e+000;2.126799e+002
5.296006e+001;8.190261e+001;3.913005e-001;3.630899e+000;2.126501e+002
5.302006e+001;8.084563e+001;3.883005e-001;3.600823e+000;2.126200e+002
5.308006e+001;7.983597e+001;3.850005e-001;3.570685e+000;2.125899e+002
5.318006e+001;7.866855e+001;3.796005e-001;3.520910e+000;2.125401e+002
5.324006e+001;7.764311e+001;3.766005e-001;3.490731e+000;2.125099e+002
5.330006e+001;7.662556e+001;3.736005e-001;3.460861e+000;2.124801e+002
5.335006e+001;7.533982e+001;3.706005e-001;3.435974e+000;2.124552e+002
5.340006e+001;7.429073e+001;3.682005e-001;3.410859e+000;2.124301e+002
5.347006e+001;7.316274e+001;3.646005e-001;3.375987e+000;2.123952e+002
5.353006e+001;7.195589e+001;3.613005e-001;3.345746e+000;2.123649e+002
5.359006e+001;7.076480e+001;3.580005e-001;3.315691e+000;2.123349e+002
5.364006e+001;6.972359e+001;3.556005e-001;3.290948e+000;2.123101e+002
5.371006e+001;6.869027e+001;3.520005e-001;3.255642e+000;2.122748e+002
5.379006e+001;6.750707e+001;3.478005e-001;3.215892e+000;2.122351e+002
5.386006e+001;6.648164e+001;3.439005e-001;3.180855e+000;2.122001e+002
5.392006e+001;6.532211e+001;3.409005e-001;3.150717e+000;2.121699e+002
5.398006e+001;6.428879e+001;3.379005e-001;3.120889e+000;2.121401e+002
5.405006e+001;6.324757e+001;3.340005e-001;3.085707e+000;2.121049e+002
5.412006e+001;6.208015e+001;3.304005e-001;3.050857e+000;2.120701e+002
5.420006e+001;6.095218e+001;3.262005e-001;3.010859e+000;2.120301e+002
5.428006e+001;5.986364e+001;3.220005e-001;2.970799e+000;2.119900e+002
5.435006e+001;5.871988e+001;3.184005e-001;2.936010e+000;2.119552e+002
5.443006e+001;5.770233e+001;3.142005e-001;2.895660e+000;2.119149e+002
5.452006e+001;5.668478e+001;3.094005e-001;2.851012e+000;2.118702e+002
5.458006e+001;5.549370e+001;3.064005e-001;2.820791e+000;2.118400e+002
5.464006e+001;5.427896e+001;3.034005e-001;2.790922e+000;2.118101e+002
5.471006e+001;5.327718e+001;2.998005e-001;2.755926e+000;2.117751e+002
5.477006e+001;5.224386e+001;2.965005e-001;2.725685e+000;2.117449e+002
5.483006e+001;5.118687e+001;2.935005e-001;2.695981e+000;2.117152e+002
5.489006e+001;5.018510e+001;2.902005e-001;2.665677e+000;2.116849e+002
5.495006e+001;4.900980e+001;2.872005e-001;2.635664e+000;2.116549e+002
5.502006e+001;4.788182e+001;2.836005e-001;2.600999e+000;2.116202e+002
5.510006e+001;4.672229e+001;2.794005e-001;2.560711e+000;2.115799e+002
5.517006e+001;4.564163e+001;2.758005e-001;2.525943e+000;2.115451e+002
5.525006e+001;4.463197e+001;2.716005e-001;2.485780e+000;2.115050e+002
5.531006e+001;4.344089e+001;2.686005e-001;2.455972e+000;2.114752e+002
5.538006e+001;4.236813e+001;2.647005e-001;2.421018e+000;2.114402e+002
5.547006e+001;4.131114e+001;2.599005e-001;2.375894e+000;2.113951e+002
5.553006e+001;4.030148e+001;2.569005e-001;2.345963e+000;2.113652e+002
5.560006e+001;3.922083e+001;2.533005e-001;2.310719e+000;2.113299e+002
5.571006e+001;3.807708e+001;2.476005e-001;2.256045e+000;2.112752e+002
5.577006e+001;3.706741e+001;2.446005e-001;2.225824e+000;2.112450e+002
5.585006e+001;3.589211e+001;2.404005e-001;2.185909e+000;2.112051e+002
5.592006e+001;3.466159e+001;2.368005e-001;2.150769e+000;2.111700e+002
5.600006e+001;3.338374e+001;2.326005e-001;2.110915e+000;2.111301e+002
5.604006e+001;3.232675e+001;2.305005e-001;2.090989e+000;2.111102e+002
5.612006e+001;3.124610e+001;2.263005e-001;2.050680e+000;2.110699e+002
5.620006e+001;3.018911e+001;2.224005e-001;2.010889e+000;2.110301e+002
5.625006e+001;2.906113e+001;2.197005e-001;1.985692e+000;2.110049e+002
5.632006e+001;2.805147e+001;2.158005e-001;1.950882e+000;2.109701e+002
5.639006e+001;2.698660e+001;2.125005e-001;1.916052e+000;2.109353e+002
5.646006e+001;2.594538e+001;2.086005e-001;1.880705e+000;2.108999e+002
5.654006e+001;2.484896e+001;2.047005e-001;1.840872e+000;2.108601e+002
5.660006e+001;2.362632e+001;2.014005e-001;1.810755e+000;2.108300e+002
5.669006e+001;2.256145e+001;1.969005e-001;1.765920e+000;2.107851e+002
5.674006e+001;2.148868e+001;1.942005e-001;1.740950e+000;2.107601e+002
5.683006e+001;2.045536e+001;1.894005e-001;1.695867e+000;2.107151e+002
5.689006e+001;1.984010e+001;1.864005e-001;1.666080e+000;2.106853e+002
5.692006e+001;1.953247e+001;1.849005e-001;1.650742e+000;2.106699e+002
5.693006e+001;1.958768e+001;1.843005e-001;1.646257e+000;2.106655e+002
5.694006e+001;1.961135e+001;1.840005e-001;1.642722e+000;2.106619e+002
5.699006e+001;1.945359e+001;1.831005e-001;1.637327e+000;2.106565e+002
5.708006e+001;2.049480e+001;1.825005e-001;1.633462e+000;2.106527e+002
5.718006e+001;2.167010e+001;1.825005e-001;1.633379e+000;2.106526e+002
5.723006e+001;2.277442e+001;1.825005e-001;1.642949e+000;2.106621e+002
5.726006e+001;2.379986e+001;1.837005e-001;1.656572e+000;2.106758e+002
5.729006e+001;2.489628e+001;1.849005e-001;1.671330e+000;2.106905e+002
5.732006e+001;2.603215e+001;1.861005e-001;1.685883e+000;2.107051e+002
5.736006e+001;2.738099e+001;1.879005e-001;1.705954e+000;2.107252e+002
5.740006e+001;2.855630e+001;1.894005e-001;1.726211e+000;2.107454e+002
5.743006e+001;2.962906e+001;1.909005e-001;1.741136e+000;2.107603e+002
5.746006e+001;3.075704e+001;1.924005e-001;1.756267e+000;2.107755e+002
5.750006e+001;3.199545e+001;1.939005e-001;1.776007e+000;2.107952e+002
5.753006e+001;3.325753e+001;1.954005e-001;1.790994e+000;2.108102e+002
5.756006e+001;3.432240e+001;1.966005e-001;1.805918e+000;2.108251e+002
5.759006e+001;3.544249e+001;1.981005e-001;1.821049e+000;2.108402e+002
5.762006e+001;3.668090e+001;1.996005e-001;1.836097e+000;2.108553e+002
5.767006e+001;3.787988e+001;2.017005e-001;1.860964e+000;2.108802e+002
5.772006e+001;3.896053e+001;2.041005e-001;1.885872e+000;2.109051e+002
5.777006e+001;4.020683e+001;2.065005e-001;1.911111e+000;2.109303e+002
5.781006e+001;4.123226e+001;2.086005e-001;1.931224e+000;2.109504e+002
5.785006e+001;4.249434e+001;2.104005e-001;1.951027e+000;2.109702e+002
5.790006e+001;4.364598e+001;2.128005e-001;1.975935e+000;2.109951e+002
5.794006e+001;4.473452e+001;2.149005e-001;1.996006e+000;2.110152e+002
5.800006e+001;4.603603e+001;2.179005e-001;2.025958e+000;2.110452e+002
5.805006e+001;4.713246e+001;2.203005e-001;2.050970e+000;2.110702e+002
5.809006e+001;4.828410e+001;2.224005e-001;2.071331e+000;2.110905e+002
5.814006e+001;4.938053e+001;2.248005e-001;2.096218e+000;2.111154e+002
5.818006e+001;5.044540e+001;2.269005e-001;2.116000e+000;2.111352e+002
5.822006e+001;5.150239e+001;2.290005e-001;2.135803e+000;2.111550e+002
5.826006e+001;5.270925e+001;2.311005e-001;2.156122e+000;2.111753e+002
5.832006e+001;5.376624e+001;2.341005e-001;2.186012e+000;2.112052e+002
5.836006e+001;5.488633e+001;2.362005e-001;2.205959e+000;2.112252e+002
5.841006e+001;5.605375e+001;2.386005e-001;2.231033e+000;2.112502e+002
5.844006e+001;5.707130e+001;2.401005e-001;2.246143e+000;2.112653e+002
5.851006e+001;5.821505e+001;2.437005e-001;2.281056e+000;2.113003e+002
5.856006e+001;5.922471e+001;2.464005e-001;2.305820e+000;2.113250e+002
5.864006e+001;6.027381e+001;2.503005e-001;2.346148e+000;2.113653e+002
5.868006e+001;6.133868e+001;2.527005e-001;2.365972e+000;2.113852e+002
5.874006e+001;6.246666e+001;2.557005e-001;2.395924e+000;2.114151e+002
5.880006e+001;6.370507e+001;2.587005e-001;2.426248e+000;2.114454e+002
5.886006e+001;6.474628e+001;2.617005e-001;2.455952e+000;2.114752e+002
5.891006e+001;6.587427e+001;2.644005e-001;2.480922e+000;2.115001e+002
5.899006e+001;6.708901e+001;2.686005e-001;2.521106e+000;2.115403e+002
5.905006e+001;6.809078e+001;2.719005e-001;2.550975e+000;2.115702e+002
5.910006e+001;6.928976e+001;2.743005e-001;2.576318e+000;2.115955e+002
5.917006e+001;7.063071e+001;2.779005e-001;2.611148e+000;2.116303e+002
5.922006e+001;7.165614e+001;2.806005e-001;2.636015e+000;2.116552e+002
5.928006e+001;7.269736e+001;2.836005e-001;2.666153e+000;2.116854e+002
5.932006e+001;7.391210e+001;2.857005e-001;2.686183e+000;2.117054e+002
5.938006e+001;7.497697e+001;2.890005e-001;2.715907e+000;2.117351e+002
5.943006e+001;7.609707e+001;2.914005e-001;2.741146e+000;2.117603e+002
5.948006e+001;7.716194e+001;2.941005e-001;2.766303e+000;2.117855e+002
5.956006e+001;7.831359e+001;2.983005e-001;2.806032e+000;2.118252e+002
5.963006e+001;7.933114e+001;3.019005e-001;2.841027e+000;2.118602e+002
5.970006e+001;8.037234e+001;3.055005e-001;2.876023e+000;2.118952e+002
5.978006e+001;8.157921e+001;3.097005e-001;2.916331e+000;2.119355e+002
5.985006e+001;8.291227e+001;3.133005e-001;2.951161e+000;2.119704e+002
5.993006e+001;8.400081e+001;3.175005e-001;2.990932e+000;2.120101e+002
6.000006e+001;8.505780e+001;3.211005e-001;3.026196e+000;2.120454e+002
6.010006e+001;8.625677e+001;3.265005e-001;3.075951e+000;2.120951e+002
6.015006e+001;8.738475e+001;3.292005e-001;3.101252e+000;2.121205e+002
6.023006e+001;8.851273e+001;3.331005e-001;3.141084e+000;2.121603e+002
6.029006e+001;8.957760e+001;3.364005e-001;3.171119e+000;2.121903e+002
6.035006e+001;9.064248e+001;3.397005e-001;3.201071e+000;2.122203e+002
6.044006e+001;9.171524e+001;3.442005e-001;3.245968e+000;2.122652e+002
6.048006e+001;9.280378e+001;3.463005e-001;3.266122e+000;2.122853e+002
6.054006e+001;9.386077e+001;3.496005e-001;3.296074e+000;2.123153e+002
6.061006e+001;9.490198e+001;3.532005e-001;3.330925e+000;2.123501e+002
6.065006e+001;9.591164e+001;3.553005e-001;3.350996e+000;2.123702e+002
6.073006e+001;9.692918e+001;3.595005e-001;3.390953e+000;2.124102e+002
6.079006e+001;9.796251e+001;3.625005e-001;3.421318e+000;2.124405e+002
6.087006e+001;9.899583e+001;3.667005e-001;3.461109e+000;2.124803e+002
6.096006e+001;1.000844e+002;3.715005e-001;3.506089e+000;2.125253e+002
6.105006e+001;1.011256e+002;3.763005e-001;3.551027e+000;2.125702e+002
6.113006e+001;1.021668e+002;3.805005e-001;3.591315e+000;2.126105e+002
6.121006e+001;1.033105e+002;3.847005e-001;3.631106e+000;2.126503e+002
6.127006e+001;1.045016e+002;3.880005e-001;3.660789e+000;2.126800e+002
6.136006e+001;1.057164e+002;3.925005e-001;3.706161e+000;2.127254e+002
6.145006e+001;1.068601e+002;3.973005e-001;3.750955e+000;2.127702e+002
6.152006e+001;1.079960e+002;4.012005e-001;3.786302e+000;2.128055e+002
6.160006e+001;1.091161e+002;4.054005e-001;3.825907e+000;2.128451e+002
6.169006e+001;1.102362e+002;4.102005e-001;3.871114e+000;2.128903e+002
6.176006e+001;1.114509e+002;4.138005e-001;3.906027e+000;2.129252e+002
6.183006e+001;1.126578e+002;4.174005e-001;3.941126e+000;2.129603e+002
6.190006e+001;1.138094e+002;4.213005e-001;3.976018e+000;2.129952e+002
6.196006e+001;1.148901e+002;4.243005e-001;4.005908e+000;2.130251e+002
6.203006e+001;1.158997e+002;4.282005e-001;4.041173e+000;2.130604e+002
6.211006e+001;1.170908e+002;4.324005e-001;4.081026e+000;2.131002e+002
6.218006e+001;1.182188e+002;4.363005e-001;4.116208e+000;2.131354e+002
6.224006e+001;1.192837e+002;4.393005e-001;4.145994e+000;2.131652e+002
6.236006e+001;1.203091e+002;4.456005e-001;4.206043e+000;2.132252e+002
6.244006e+001;1.213582e+002;4.498005e-001;4.245999e+000;2.132652e+002
6.254006e+001;1.224625e+002;4.552005e-001;4.296291e+000;2.133155e+002
6.261006e+001;1.236931e+002;4.591005e-001;4.331018e+000;2.133502e+002
6.268006e+001;1.248841e+002;4.627005e-001;4.366014e+000;2.133852e+002
6.279006e+001;1.260200e+002;4.684005e-001;4.420957e+000;2.134402e+002
6.287006e+001;1.271559e+002;4.729005e-001;4.461327e+000;2.134805e+002
6.295006e+001;1.281655e+002;4.768005e-001;4.500994e+000;2.135202e+002
6.306006e+001;1.292225e+002;4.828005e-001;4.556020e+000;2.135752e+002
6.313006e+001;1.303820e+002;4.867005e-001;4.590974e+000;2.136102e+002
6.321006e+001;1.315731e+002;4.909005e-001;4.631365e+000;2.136506e+002
6.328006e+001;1.326617e+002;4.945005e-001;4.666009e+000;2.136852e+002
6.338006e+001;1.337108e+002;4.999005e-001;4.716115e+000;2.137353e+002
6.341006e+001;1.338764e+002;5.014005e-001;4.730750e+000;2.137499e+002
6.355006e+001;1.326774e+002;5.032005e-001;4.744413e+000;2.137636e+002
6.367006e+001;1.316205e+002;5.035005e-001;4.744537e+000;2.137637e+002
6.372006e+001;1.304609e+002;5.035005e-001;4.740010e+000;2.137592e+002
6.377006e+001;1.294276e+002;5.017005e-001;4.718347e+000;2.137375e+002
6.381006e+001;1.282050e+002;5.002005e-001;4.698483e+000;2.137177e+002
6.385006e+001;1.269350e+002;4.984005e-001;4.678556e+000;2.136978e+002
6.389006e+001;1.259017e+002;4.969005e-001;4.658795e+000;2.136780e+002
6.393006e+001;1.246712e+002;4.951005e-001;4.638847e+000;2.136580e+002
6.397006e+001;1.234328e+002;4.933005e-001;4.618776e+000;2.136380e+002
6.401006e+001;1.222811e+002;4.915005e-001;4.598746e+000;2.136179e+002
6.406006e+001;1.210506e+002;4.888005e-001;4.573776e+000;2.135930e+002
6.411006e+001;1.200330e+002;4.867005e-001;4.548764e+000;2.135680e+002
6.416006e+001;1.188972e+002;4.843005e-001;4.523608e+000;2.135428e+002
6.420006e+001;1.177850e+002;4.822005e-001;4.503537e+000;2.135227e+002
6.424006e+001;1.166175e+002;4.804005e-001;4.483796e+000;2.135030e+002
6.429006e+001;1.154975e+002;4.780005e-001;4.458888e+000;2.134781e+002
6.433006e+001;1.143300e+002;4.759005e-001;4.438568e+000;2.134578e+002
6.437006e+001;1.130916e+002;4.738005e-001;4.418497e+000;2.134377e+002
6.441006e+001;1.117901e+002;4.720005e-001;4.398757e+000;2.134180e+002
6.445006e+001;1.106858e+002;4.699005e-001;4.378809e+000;2.133980e+002
6.450006e+001;1.096604e+002;4.675005e-001;4.353570e+000;2.133728e+002
6.454006e+001;1.086034e+002;4.651005e-001;4.333499e+000;2.133527e+002
6.459006e+001;1.074912e+002;4.627005e-001;4.308756e+000;2.133280e+002
6.463006e+001;1.061660e+002;4.606005e-001;4.288891e+000;2.133081e+002
6.470006e+001;1.050696e+002;4.570005e-001;4.253565e+000;2.132728e+002
6.476006e+001;1.039495e+002;4.540005e-001;4.223882e+000;2.132431e+002
6.481006e+001;1.026322e+002;4.513005e-001;4.198808e+000;2.132180e+002
6.486006e+001;1.016146e+002;4.486005e-001;4.173590e+000;2.131928e+002
6.493006e+001;1.004788e+002;4.450005e-001;4.138739e+000;2.131579e+002
6.498006e+001;9.931136e+001;4.423005e-001;4.113831e+000;2.131330e+002
6.505006e+001;9.818337e+001;4.387005e-001;4.078504e+000;2.130977e+002
6.512006e+001;9.701595e+001;4.351005e-001;4.043736e+000;2.130629e+002
6.517006e+001;9.599052e+001;4.324005e-001;4.018559e+000;2.130378e+002
6.521006e+001;9.486254e+001;4.300005e-001;3.998549e+000;2.130177e+002
6.526006e+001;9.377400e+001;4.276005e-001;3.973745e+000;2.129929e+002
6.530006e+001;9.269335e+001;4.255005e-001;3.953818e+000;2.129730e+002
6.536006e+001;9.152593e+001;4.222005e-001;3.923701e+000;2.129429e+002
6.543006e+001;9.040584e+001;4.183005e-001;3.888747e+000;2.129079e+002
6.548006e+001;8.933308e+001;4.159005e-001;3.863879e+000;2.128831e+002
6.553006e+001;8.822087e+001;4.132005e-001;3.838620e+000;2.128578e+002
6.559006e+001;8.716389e+001;4.102005e-001;3.808813e+000;2.128280e+002
6.566006e+001;8.610690e+001;4.063005e-001;3.773817e+000;2.127930e+002
6.572006e+001;8.504991e+001;4.033005e-001;3.743514e+000;2.127627e+002
6.577006e+001;8.390616e+001;4.006005e-001;3.718791e+000;2.127380e+002
6.584006e+001;8.286494e+001;3.970005e-001;3.683548e+000;2.127027e+002
6.590005e+001;8.161864e+001;3.937005e-001;3.653513e+000;2.126727e+002
6.598006e+001;8.057743e+001;3.895005e-001;3.613846e+000;2.126330e+002
6.605006e+001;7.952045e+001;3.859005e-001;3.578623e+000;2.125978e+002
6.612006e+001;7.847923e+001;3.823005e-001;3.543875e+000;2.125631e+002
6.618006e+001;7.747746e+001;3.790005e-001;3.513530e+000;2.125327e+002
6.623006e+001;7.644414e+001;3.766005e-001;3.488560e+000;2.125078e+002
6.629006e+001;7.516629e+001;3.733005e-001;3.458753e+000;2.124780e+002
6.636006e+001;7.387267e+001;3.697005e-001;3.423509e+000;2.124427e+002
6.640005e+001;7.280779e+001;3.676005e-001;3.403521e+000;2.124227e+002
6.648006e+001;7.175869e+001;3.634005e-001;3.363750e+000;2.123829e+002
6.653006e+001;7.059916e+001;3.607005e-001;3.338573e+000;2.123578e+002
6.659006e+001;6.954217e+001;3.574005e-001;3.308683e+000;2.123279e+002
6.665005e+001;6.841419e+001;3.544005e-001;3.278835e+000;2.122980e+002
6.671006e+001;6.731776e+001;3.511005e-001;3.248676e+000;2.122679e+002
6.679006e+001;6.624500e+001;3.469005e-001;3.208864e+000;2.122281e+002
6.684006e+001;6.521168e+001;3.445005e-001;3.183832e+000;2.122030e+002
6.691006e+001;6.409947e+001;3.409005e-001;3.148526e+000;2.121677e+002
6.700006e+001;6.294783e+001;3.361005e-001;3.103877e+000;2.121231e+002
6.704006e+001;6.190662e+001;3.340005e-001;3.083558e+000;2.121028e+002
6.712006e+001;6.088118e+001;3.298005e-001;3.043746e+000;2.120629e+002
6.721006e+001;5.978476e+001;3.253005e-001;2.998621e+000;2.120178e+002
6.727006e+001;5.861734e+001;3.220005e-001;2.968711e+000;2.119879e+002
6.735006e+001;5.759979e+001;3.178005e-001;2.928858e+000;2.119481e+002
6.743006e+001;5.655858e+001;3.136005e-001;2.888653e+000;2.119079e+002
6.749006e+001;5.552525e+001;3.106005e-001;2.858722e+000;2.118779e+002
6.756006e+001;5.433417e+001;3.067005e-001;2.823602e+000;2.118428e+002
6.762006e+001;5.309576e+001;3.037005e-001;2.793816e+000;2.118130e+002
6.769006e+001;5.201511e+001;3.001005e-001;2.758861e+000;2.117781e+002
6.775006e+001;5.091868e+001;2.968005e-001;2.728537e+000;2.117477e+002
6.781006e+001;4.985381e+001;2.938005e-001;2.698875e+000;2.117181e+002
6.789006e+001;4.875738e+001;2.896005e-001;2.658608e+000;2.116778e+002
6.796006e+001;4.762940e+001;2.860005e-001;2.623840e+000;2.116430e+002
6.802006e+001;4.651720e+001;2.830005e-001;2.593888e+000;2.116131e+002
6.810006e+001;4.528667e+001;2.788005e-001;2.553559e+000;2.115728e+002
6.818006e+001;4.425335e+001;2.746005e-001;2.513871e+000;2.115331e+002
6.826006e+001;4.325158e+001;2.704005e-001;2.473563e+000;2.114928e+002
6.832006e+001;4.205261e+001;2.674005e-001;2.443735e+000;2.114629e+002
6.840005e+001;4.101929e+001;2.632005e-001;2.403634e+000;2.114228e+002
6.847006e+001;3.996230e+001;2.596005e-001;2.368762e+000;2.113880e+002
6.856006e+001;3.880277e+001;2.548005e-001;2.323555e+000;2.113428e+002
6.864006e+001;3.764323e+001;2.506005e-001;2.283826e+000;2.113030e+002
6.873006e+001;3.660991e+001;2.461005e-001;2.238537e+000;2.112577e+002
6.880006e+001;3.547404e+001;2.422005e-001;2.203748e+000;2.112229e+002
6.888006e+001;3.428296e+001;2.380005e-001;2.163626e+000;2.111828e+002
6.891006e+001;3.317865e+001;2.365005e-001;2.148639e+000;2.111678e+002
6.896006e+001;3.217688e+001;2.341005e-001;2.123648e+000;2.111428e+002
6.902006e+001;3.113566e+001;2.308005e-001;2.093820e+000;2.111130e+002
6.909006e+001;3.003135e+001;2.275005e-001;2.058804e+000;2.110780e+002
6.917006e+001;2.892703e+001;2.233005e-001;2.018847e+000;2.110380e+002
6.922006e+001;2.790160e+001;2.206005e-001;1.993650e+000;2.110128e+002
6.928006e+001;2.686039e+001;2.176005e-001;1.963533e+000;2.109827e+002
6.937006e+001;2.578762e+001;2.128005e-001;1.918884e+000;2.109381e+002
6.944006e+001;2.467542e+001;2.092005e-001;1.883640e+000;2.109028e+002
6.951006e+001;2.364210e+001;2.056005e-001;1.848810e+000;2.108680e+002
6.958006e+001;2.262455e+001;2.020005e-001;1.813587e+000;2.108328e+002
6.964006e+001;2.162278e+001;1.987005e-001;1.783718e+000;2.108029e+002
6.970006e+001;2.057368e+001;1.957005e-001;1.753828e+000;2.107730e+002
6.976006e+001;1.984010e+001;1.924005e-001;1.723731e+000;2.107429e+002
6.979006e+001;1.984799e+001;1.909005e-001;1.708662e+000;2.107279e+002
6.980006e+001;1.995842e+001;1.903005e-001;1.704507e+000;2.107237e+002
